1,0.5686770997057526
2,0.22114540257696377
3,0.1686161519738577
4,0.14070080751079625
5,0.12399905036061497
6,0.10955124455740896
7,0.10579885289830676
8,0.0977211179117025
9,0.0934926940096637
10,0.09073459934758937
11,0.08890004456043243
12,0.08333241162916362
1,0.562929905193337
2,0.20920535530579293
3,0.1627280635096259
4,0.13530543913780632
5,0.11947197290295261
6,0.1067335004523649
7,0.09772370964036149
8,0.08883653202299345
9,0.08160985447466373
10,0.08148007524215568
11,0.07475234855408386
12,0.0712103323726836
13,0.06809742909745645
14,0.06175308882937593
15,0.06070690371601258
16,0.060639703520021196
17,0.05533995094188189
18,0.05499523451899068
19,0.052344123406682985
20,0.05159095897323499
21,0.049795839461987304
22,0.04892700894783109
23,0.0472656357086311
24,0.045975022254732704
25,0.04522510103376235
26,0.04341855016931639
27,0.04260952623908298
28,0.043032982228797374
29,0.042185480864245
30,0.041683189334126854
31,0.04097664962380619
32,0.038865812454309506
33,0.041013790578660315
34,0.03887492855537241
35,0.037177285921396845
36,0.03699182198082997
37,0.03807644907511392
38,0.03697547663824033
39,0.03580088802944806
40,0.03640260848895473
41,0.034592173014909536
42,0.034880640537683236
43,0.03503127228784359
44,0.034391567726635326
45,0.03378003718868151
46,0.033798026520822005
47,0.03412126694506003
48,0.032490774862847085
49,0.032221366888133145
50,0.032349258029865005
51,0.03235591725462069
52,0.031069901566636766
53,0.03187960283672911
54,0.031454598831044414
55,0.030872968499059395
56,0.03107896814975193
57,0.02927406190626197
58,0.02977890995631026
59,0.029521110830670695
60,0.029377779576106596
61,0.02906203669322244
62,0.028992848597088103
63,0.028530700258531813
64,0.028991734948388095
65,0.028400619135443436
66,0.02910501184731217
67,0.028988174983631758
68,0.02840407415277372
69,0.027866700758873406
70,0.027753603865660854
71,0.027361033705331512
72,0.026598139902797795
73,0.02672082461984986
74,0.02729419449944112
75,0.026097444186018684
76,0.026620261513201866
77,0.02678622264351885
78,0.02623855295764693
79,0.026369369557222067
80,0.026099487476177134
81,0.026482918583866904
82,0.02597304291518058
83,0.02648438270187984
84,0.025580730494427478
85,0.025956260813873703
1,0.5713227999917532
2,0.2110785009749865
3,0.16553045487252332
4,0.14061694352303522
5,0.11944318404894765
6,0.10613999528399969
7,0.09769114043753026
8,0.09020975907727824
9,0.08383811931362596
10,0.0823067851301472
11,0.07641816196047653
12,0.07306414656341076
13,0.06768571064507557
14,0.06682084526045848
15,0.06354550903631469
16,0.06111810151171886
17,0.058012621666667825
18,0.05702094010756177
19,0.05480913221204685
20,0.05388134541147846
21,0.05165072476838605
22,0.05041196345651554
23,0.048767665116968804
24,0.04819093695131399
25,0.047740402663031874
26,0.047083901462413494
27,0.04402426406109737
28,0.043059495040925884
29,0.04292448712670702
30,0.043268788195515086
31,0.04165150364071636
32,0.04027372503937301
33,0.03997308967666606
34,0.04003588006026664
35,0.04008904569861242
36,0.039243061363823335
37,0.03854198599139513
38,0.03733607021681333
39,0.0362052671232466
40,0.037079386997147135
41,0.03624364668976957
42,0.0351208034523968
43,0.03567508775425159
44,0.03581204577901606
45,0.034465028904378414
46,0.034673348021835596
47,0.033960159504943986
48,0.033763151536932434
49,0.03347908343993506
50,0.033787171151173315
51,0.032404008716092274
52,0.03158216383623875
53,0.031881618502912885
54,0.030911836710016606
55,0.031230791771815994
56,0.03106008405339415
57,0.03126011918283115
58,0.031157962141274396
59,0.030742000157045105
60,0.030595518522343393
61,0.03004482074372344
62,0.029613308971589904
63,0.0295538481924746
64,0.02996722597755113
65,0.030064943562245976
66,0.02841314214076531
67,0.028850081676648834
68,0.029260478850643513
69,0.028192369456766016
1,0.5597051841727758
2,0.2212298698091911
3,0.17138550651528067
4,0.1388600229964418
5,0.1211005677863703
6,0.11557941473389076
7,0.10835179023570933
8,0.10378308916243456
9,0.09700765612266832
10,0.09133857640169435
11,0.0895928188337613
12,0.08779126311005173
13,0.08195928771490768
14,0.08060373384821212
15,0.08060534910882934
16,0.07833617306866889
17,0.07207731337491739
18,0.0736734791327331
19,0.07134336529899452
20,0.06772508096518152
21,0.06676397643099397
22,0.06459756754338741
23,0.06615898998106941
24,0.06273625592180228
25,0.060774899198342176
26,0.05829071717620906
27,0.05905670129646689
28,0.05586802937342959
29,0.05443092631333965
30,0.05387378761828956
31,0.05164221304831868
32,0.05156242408616058
33,0.05126192335481361
34,0.04991363369370416
35,0.047196381393883186
36,0.04708921565216476
37,0.04657650527433824
38,0.04593865789662478
39,0.04605414232207557
40,0.04430504479461302
41,0.04337244832856675
42,0.04202253887650825
43,0.04065447909978487
44,0.04039066264374276
45,0.040950313715611475
46,0.03968547286181632
47,0.03903097277349335
48,0.03821862405323881
49,0.03781350154303393
50,0.03770826957425324
51,0.03723029733903832
52,0.03610706957593813
53,0.03722573928850687
54,0.0348193042643242
55,0.03563012845687947
56,0.03458278487294407
57,0.03437196324437351
58,0.03365971597890228
59,0.033120588936164215
60,0.0330927314836595
61,0.032752665422730524
62,0.03144287018073817
63,0.03238232452738083
64,0.03176771686807022
65,0.03214902962731608
66,0.031205032131303163
67,0.03139608776417829
68,0.03106652425949351
69,0.03059598146858862
70,0.030261654122653654
71,0.030344433703665005
72,0.029475441660290046
73,0.029562944135928557
74,0.029321290221128424
75,0.028217457045437926
76,0.02825666825144978
77,0.029394444962174207
78,0.029295928350065725
79,0.02743101082110809
80,0.02721318744628106
81,0.02841198349655685
82,0.02769058726538541
83,0.027864538385706433
84,0.027546638686020496
85,0.026266124509906365
86,0.02742690855826614
87,0.02659014058378288
88,0.027115093354704016
89,0.02650858940146232
90,0.026703972795630915
91,0.02623996263275207
92,0.026111170160189524
93,0.02620010986387477
94,0.02602055391012612
95,0.025954642522511846
96,0.025360994206709883
97,0.025268378959558274
98,0.025226794948832967
99,0.02517344194890584
100,0.025262340350802673
101,0.024974030521461518
102,0.025315582452310345
103,0.02455542897963423
104,0.02445506172696665
105,0.023454593084121154
106,0.024163789905102578
107,0.02451482724587796
108,0.024338725654376767
109,0.0238912615972429
110,0.024534197682041233
111,0.023254369125085866
112,0.023106606503538157
113,0.02324267087693689
114,0.023414706250936803
115,0.023522934150266444
116,0.02239885267217533
117,0.023418593165164783
118,0.022481490479056107
119,0.02293150834107803
120,0.023098619560063895
121,0.02331625162702748
122,0.02357632165648422
123,0.022359382487454657
124,0.022705154911757022
125,0.022866385854717532
126,0.022474306185682445
127,0.02270288609946936
128,0.02246308081262445
129,0.02223498236893092
130,0.02231616511056989
131,0.021147112985599344
132,0.022242091611911683
133,0.02150270072901148
134,0.022061585330293846
135,0.021322936703593046
136,0.02259279029065017
137,0.021732462183335573
138,0.021774639667532708
139,0.02111111596321403
140,0.021355010584880738
141,0.021489178927583716
142,0.02085587153432228
143,0.0211558391229581
144,0.020738166962134635
145,0.02142459661620906
146,0.02088225273005033
147,0.020528619730118977
148,0.021258169374728606
149,0.02048793770530719
150,0.0208290815037691
151,0.020109730172839204
152,0.020912937638428757
153,0.019888350913711522
154,0.020493516722157344
155,0.020179188297272235
156,0.020215761192711228
157,0.020389149020725892
158,0.02014956609898452
159,0.01986191495937311
160,0.020217602780499194
161,0.02050461750319701
162,0.019234393541780064
163,0.019169622724402254
164,0.02014639004433559
165,0.019890798618859153
166,0.01988690314909159
167,0.019437453172848385
168,0.019785500833985663
169,0.01964727746543743
170,0.020145030786930505
171,0.019197007325493683
172,0.01963507797632177
173,0.019122889794219854
174,0.01975510614308513
175,0.0200654724849609
176,0.019404536413060405
177,0.019166281083756585
178,0.01941503497566712
179,0.018480031735311122
180,0.01929041703026426
181,0.019607529849192853
182,0.018899317838693575
183,0.019340226529323955
184,0.019726191623673096
185,0.01924288517527156
186,0.01906997782288719
187,0.019058495815211938
188,0.01899744091176633
189,0.01895479973942294
190,0.018668134617855995
191,0.018736184101109787
192,0.01856363574990024
193,0.018544057810331804
194,0.01880500002337967
195,0.018931306811775697
196,0.01857210076177272
197,0.018413838448981614
198,0.018218157134192475
199,0.018328210007462462
200,0.01879812938839955
201,0.018478493616616323
202,0.018829204307837508
203,0.0181633096456654
204,0.018065346152348033
205,0.017997313472363403
206,0.01798006633328179
207,0.017984737815745805
208,0.018249731068894014
209,0.018109975232726942
210,0.017939609025557666
211,0.01848021567151961
212,0.017510368330877716
213,0.018610123821171158
214,0.01832203877995075
215,0.01775501708705294
216,0.01770091449084171
217,0.01779325050696478
218,0.017587659588494037
219,0.0173670206597801
220,0.018060372455708556
221,0.017548476629969428
222,0.017881714217996194
223,0.017783416687684545
224,0.018132349499895915
225,0.017819934019471628
226,0.017262213697688558
227,0.017980997868955642
228,0.01736949639931574
229,0.017738826265085047
230,0.016899452450038013
231,0.017017320650866478
232,0.016493966337293386
233,0.018148292716339987
234,0.017256554808088784
235,0.017038883073097567
236,0.01749751862075369
237,0.017203600840422058
238,0.017280570239270644
239,0.016909700092243945
240,0.01730123818930933
241,0.017089536153095757
242,0.016836842308925876
243,0.01666705477667057
244,0.017183446862056095
245,0.01695507536721179
246,0.017154096073265804
247,0.017265481424470572
248,0.01617844392529736
249,0.016478723664846966
250,0.016912637602032748
251,0.016559535661175594
252,0.01683657422219798
253,0.016648528939586574
254,0.016671309500175008
255,0.016672811218363753
256,0.016813284749070467
257,0.016615173179593126
258,0.016444530622181246
259,0.016692769982047
260,0.01644291659280405
261,0.01631369283107125
262,0.016581257118575148
263,0.0166713988124314
264,0.016644016792208463
265,0.01670857619146927
266,0.016854637136714437
267,0.016331275325205365
268,0.01682938251770654
269,0.01673051242921817
270,0.01633575347141694
271,0.015940663973027368
272,0.016382011292912696
273,0.015847690143006837
274,0.016206672478277805
275,0.016107153534194677
276,0.016472043011779503
277,0.016316773188379357
278,0.01639164756920378
279,0.016350207258394714
280,0.01598803612198365
281,0.016063800997148128
282,0.016216287002661974
283,0.01581388632214423
284,0.01614729307939188
285,0.015745225883388923
286,0.016192633934887284
287,0.016130687321646738
288,0.015911880414932966
289,0.015980686992406845
290,0.01601542914444107
291,0.0157415502215341
292,0.015720523017758534
293,0.016183739954258425
294,0.015569676495141398
295,0.01621070211374406
296,0.01569340604562628
297,0.015756382488535118
298,0.01602612470545001
299,0.015369185357023094
300,0.01589042799926158
301,0.015671068384170025
302,0.015574564533781702
303,0.015613071612571762
304,0.01601843074974367
305,0.015344730578362942
306,0.01612162208816005
307,0.01515240680773632
308,0.015489967634617272
309,0.015367290975873247
310,0.015964020888115896
311,0.015493334263121173
312,0.015558568042529336
313,0.014956395394342431
314,0.01575148688092575
315,0.015107618644833565
316,0.015162378660071705
317,0.015106062688943694
318,0.01622546774382561
319,0.015931567129821092
320,0.015779242448319318
321,0.015252940557991802
322,0.015489006391331807
323,0.015424231619779336
324,0.01546690073969253
325,0.014880701370726702
326,0.01533751162084735
327,0.01583509951419497
328,0.014998825132783692
329,0.015300477278750326
330,0.01531337978223623
331,0.015546676765937927
332,0.015075096963131326
333,0.014799769659984415
334,0.014888790270345191
335,0.015337575897890128
336,0.015660606040540388
337,0.01544689241070616
338,0.014867901707352218
339,0.01468680611164388
340,0.014663710369397018
341,0.015327974112104561
342,0.015817665187168425
343,0.014975204992786808
344,0.015460052491970739
345,0.014931594850337607
346,0.014949740889340134
347,0.014533664518178014
348,0.015020394003239729
349,0.014588698144938987
350,0.015283142500635932
351,0.014449084059224796
352,0.014888244641597494
353,0.014972770957560357
354,0.014768663209752512
355,0.014649950007323996
356,0.014871334870172254
357,0.015111596828673855
358,0.014878013873693802
359,0.015177404531672344
360,0.014589061921115145
361,0.014883944338534847
362,0.015002108873578451
363,0.01450269164170249
364,0.014807127242497468
365,0.014389800089332511
366,0.014729756427834095
367,0.01468453029865178
368,0.014452909608766183
369,0.041049229644112666
370,0.014296412748142572
371,0.014174051961656345
372,0.014538098213468062
373,0.014850156350156008
374,0.015075634675637141
375,0.014468689875329956
376,0.01456412447269185
377,0.014489109548976866
378,0.013963492192580538
379,0.0142880560893376
380,0.014606930769316979
381,0.014222173217557749
382,0.014628202591280816
383,0.014689080503974425
384,0.014436497463513229
385,0.01426443081917399
386,0.014585190389494775
387,0.014250901780264863
388,0.014103047841749454
389,0.01411604965737058
390,0.014508994154126967
391,0.01443039768343886
392,0.014585305857708898
393,0.014110395029755467
394,0.015046784654259682
395,0.014383832000637963
396,0.015024414005831389
397,0.014103694408500598
398,0.014212100813954564
399,0.014650036501934973
400,0.014601554634775651
401,0.013877428570856987
402,0.014421023681002149
403,0.014149964609483288
404,0.014240362618307946
405,0.01415133889827688
406,0.013859195922801302
407,0.014402039009698872
408,0.014077704518212605
409,0.014367131038837262
410,0.013898294943905735
411,0.014384611564988301
412,0.014632739395029465
413,0.014161962202860642
414,0.014053178659119344
415,0.01368036434464788
416,0.01365346705809362
417,0.01432194498414963
418,0.013902719101031958
419,0.013758158109987439
420,0.013721909318750693
421,0.013553174978153686
422,0.014014433232783261
423,0.013778049467226206
424,0.014139197451078285
425,0.013978982139063083
426,0.014244549086917255
427,0.01387266913365762
428,0.013821639909835185
429,0.013721674712280096
430,0.01425621877187642
431,0.01358362106937852
432,0.013369103443761498
433,0.013842424038418774
434,0.01420674272576126
435,0.013402114827501572
436,0.013933162189136117
437,0.013640128293122023
438,0.014207962931970419
439,0.01404485901644043
440,0.01373821636267259
441,0.013625799283637838
442,0.013900537395028997
443,0.01408628726346513
444,0.013201103695684065
445,0.014294497218866975
446,0.013647854722783728
447,0.013758808918991837
448,0.013985680108416384
449,0.01362431482648698
450,0.013992143423943702
451,0.013380965273195908
452,0.013692849288078941
453,0.014250325267913483
454,0.01374362244160246
455,0.013480759375744451
456,0.014214084704674907
457,0.01375857480186022
458,0.014203741980748157
459,0.01362572112357465
460,0.01394681596212973
461,0.013743761958459676
462,0.015938272991738583
463,0.012602564752480741
464,0.013487121263929343
465,0.013942652721336837
466,0.013975845701140115
467,0.013314592352105399
468,0.014042096244076551
469,0.013499545182054073
470,0.013934124126967233
471,0.013681490329425719
472,0.013273378242186065
473,0.013842246238678947
474,0.013627197846012601
475,0.013754746868764446
476,0.01366029235423874
477,0.013343270615500918
478,0.013005033159091815
479,0.01377574276273786
480,0.013590358047730337
481,0.012830775712569386
482,0.012866651619610897
483,0.013418149199115775
484,0.013595555837944908
485,0.013323512630758145
486,0.013764276559922402
487,0.013115764299597023
488,0.013447467999343397
489,0.013378145646745875
490,0.013012056294197247
491,0.013140556023661362
492,0.013330761051215863
493,0.013435586979139155
494,0.013147453580177942
495,0.013390065754874277
496,0.013037411480258077
497,0.013507433306678371
498,0.013327227368698282
499,1.2647845827208801
500,0.011230621644753521
501,0.012837702376862704
502,0.01321654312186322
503,0.012984890048786744
504,0.013364003497665212
505,0.013043214428885761
506,0.01323505840658889
507,0.012928251417795732
508,0.012925782627662865
509,0.01333038755140062
510,0.013083116838045545
511,0.013244756876285804
512,0.013377282902661521
513,0.01329076481525297
514,0.013158313006604626
515,0.013010475705614534
516,0.01321780699763005
517,0.013149036516798503
518,0.01294951806223746
519,0.013146973881965219
520,0.012607971802196008
521,0.01316111222288366
522,0.013238873403771953
523,0.012482363833272355
524,0.01330799576273914
525,0.01294122587778937
526,0.012701549551497071
527,0.012722878602443862
528,0.013183976144735085
529,0.012720996281132102
530,0.012923551936460248
531,0.013350252780305633
532,0.012998420532035121
533,0.012864632543839388
534,0.013192036244386838
535,0.013440577703985875
536,0.013070792871353737
537,0.013066159525759896
538,0.01303953098101636
539,0.012835829751566052
540,0.013051263344774054
541,0.012719909392170986
542,0.012638837343744807
543,0.015493214367178538
544,0.012248611760373085
545,0.01267842029347637
546,0.012799627633007654
547,0.012788450451946612
548,0.012617265209713477
549,0.013106733430334824
550,0.012764573452394392
551,0.012604074284308037
552,0.012769134332410108
553,0.012990757404684515
554,0.012831101833321786
555,0.01317611666617252
556,0.012980716287205785
557,0.012845175167135263
558,0.012830898043368075
559,0.012885566852134416
560,0.012496032100960107
561,0.01236904403431562
562,0.012623053336105609
563,0.012878577347245004
564,0.012391963748703315
565,0.013203026482172437
566,0.01312640517697496
567,0.012519736395422684
568,0.012566691552588747
569,0.012707630424933919
570,0.01278013595127327
571,0.012673062931398972
572,0.012646145424095251
573,0.01307660099355725
574,0.012697365533528944
575,0.012143916237341651
576,0.012721813374625171
577,0.012312991078943014
578,0.012917274889394136
579,0.012879813456971008
580,0.012766167489906489
581,0.013110731819139446
582,0.012437014335419163
583,0.011982864459534571
584,0.01242221369392286
585,0.012812472946973423
586,0.01230958008238951
587,0.012565482486733946
588,0.01262795236119527
589,0.012194406395083514
590,0.012708158697932959
591,0.012128616754218178
592,0.01270121988698335
593,0.012269945424523646
594,0.012367259939911507
595,0.012738225275208638
596,0.01255392974589841
597,0.01223529860677229
598,0.012303547325970257
599,0.012587270277189248
600,0.01206702069710877
601,0.012643244658139045
602,0.012149408881915576
603,0.012548727330641222
604,0.012616527783763359
605,0.012521359931393448
606,0.01214822779125455
607,0.0123872387507078
608,0.012735692200140428
609,0.012504306306146969
610,0.012411420036233583
611,0.012095309336180403
612,0.012758351992657882
613,0.012650219005358926
614,0.012732210687472153
615,0.012017175602584572
616,0.012242378682782084
617,0.012306144622833295
618,0.012006341653355098
619,0.012383938029061183
620,0.01216031831562898
621,0.012363728672518568
622,0.012067724260012224
623,0.012250390618060858
624,0.012135916089607497
625,0.012383643750859014
626,0.011972324812184956
627,0.012440305795141701
628,0.012526221332629607
629,0.012237731864581169
630,0.012382072617568202
631,0.012139612864071534
632,0.012290673480384935
633,0.012249898717943894
634,0.01195027696568582
635,0.012039730131973401
636,0.012375173419398271
637,0.012347840561957682
638,0.012198525196793725
639,0.012144465153342334
640,0.012203082359411706
641,0.012299213842567751
642,0.011730674082034473
643,0.011914168188537834
644,0.01243839714818208
645,0.012103047703345448
646,0.012383405679552737
647,0.012229575590088458
648,0.012583842962759278
649,0.012097800043964033
650,0.012135939206928015
651,0.01197268673360853
652,0.012285531462975225
653,0.012371266012127369
654,0.012094111387002266
655,0.011894109516830767
656,0.012348215079913705
657,0.011887661994324398
658,0.012113793125628667
659,0.011917786641141116
660,0.011634308623812966
661,0.012255796732507268
662,0.011799044690047533
663,0.012246891102453663
664,0.012485498917620566
665,0.011869442025673086
666,0.012626792537048459
667,0.012126867679121384
668,0.011882122519220842
669,0.011925429800304315
670,0.012122468198097106
671,0.01235986388114802
672,0.012030299547743999
673,0.012025113182016095
674,0.011986009891034436
675,0.011981603602673543
676,0.012033990765842845
677,0.012263416703316873
678,0.011938333270629332
679,0.012257251620166382
680,0.012077100314515627
681,0.011937562534112042
682,0.011952163987019556
683,0.012275789903824106
684,0.011807618047094952
685,0.012344734127617489
686,0.012085033647747616
687,0.011865674403606582
688,0.011769587931744123
689,0.011806366179864539
690,0.01172088798119734
691,0.012419660177113394
692,0.011830794056719643
693,0.011776880424280288
694,0.011964362162023278
695,0.01204206310686166
696,0.011798106323359377
697,0.012142703536961038
698,0.011995149456690682
699,0.01167888303239972
700,0.011843776653946961
701,0.0123269226425722
702,0.011758383852824315
703,0.011738579069122167
704,0.011915629153471377
705,0.011762736270488319
706,0.012002694882231496
707,0.01155707736546963
708,0.012336993842559346
709,0.011538043760268365
710,0.011725968981193284
711,0.01190485147822459
712,0.012213643158833354
713,0.011848091120216049
714,0.011530982275193526
715,0.012437995467966392
716,0.011632487963158952
717,0.011722893406779079
718,0.01192787756859246
719,0.011891955482157863
720,0.011972086409390983
721,0.012043989176656736
722,0.011189974098608403
723,0.011685971959920253
724,0.012191057142059682
725,0.011401087925690463
726,0.011872058383078646
727,0.011434220440559468
728,0.011617811803185081
729,0.012012472553810074
730,0.011812038980108701
731,0.01159263343818612
732,0.011909012765607845
733,0.011700358336507264
734,0.011881236405253915
735,0.011705699317567682
736,0.011763779781916636
737,0.0120174669802694
738,0.011670814416671203
739,0.011742759156593327
740,0.01152666165667065
741,0.011117931613225048
742,0.011459701138122355
743,0.01191984744884579
744,0.011403432510540648
745,0.011177199494125227
746,0.011354835281716817
747,0.011413254558061392
748,0.011826094342553514
749,0.012030350667882269
750,0.011577613521525162
751,0.011792933919577527
752,0.011531149206872461
753,0.0114375095877607
754,0.011448003485861976
755,0.011245275334597139
756,0.011855241830729075
757,0.011878136770357773
758,0.01346762768403327
759,0.010899086447306356
760,0.01149370482633427
761,0.011265909390018905
762,0.01175797778828922
763,0.011674221498512868
764,0.012045097904342968
765,0.011377123413386486
766,0.011408519867997048
767,0.011697389876027987
768,0.01132274703201601
769,0.01140748281268624
770,0.01152525051749485
771,0.01170067309591351
772,0.01140827115751424
773,0.0114189181792534
774,0.011170710843466854
775,0.011623541358858347
776,0.011298729252796305
777,0.010909112667570175
778,0.011392733981927573
779,0.011441671340805242
780,0.011521326255653117
781,0.011319265858727997
782,0.011557291376293969
783,0.01121245238582714
784,0.01085454786306847
785,0.01143544786451858
786,0.011678248134804732
787,0.01149721545861813
788,0.011340198422766339
789,0.01137162119907848
790,0.011242663519362272
791,0.0117498862288766
792,0.011368473032805122
793,0.011678555060841016
794,0.01200961357503498
795,0.011686439886373483
796,0.011355120341404009
797,0.010999965146026117
798,0.011623457729248172
799,0.011171411738683612
800,0.011346742230609564
801,0.01158275670308809
802,0.011047625878699502
803,0.011809562080366126
804,0.011487236029421121
805,0.011461617918369376
806,0.011519976106267107
807,0.01114213274460349
808,0.011280266047155454
809,0.011569278831672618
810,0.011332609319775287
811,0.011316221041636447
812,0.011218603487300166
813,0.01138936043953744
814,0.011225834267876916
815,0.01127868986656984
816,0.0108446652519564
817,0.011162949528671423
818,0.010828922593461002
819,0.011211617115758738
820,0.011067528498627372
821,0.011437188755026308
822,0.011345319003971704
823,0.01135979782221681
824,0.011125733282701191
825,0.011441129946418233
826,0.011306483124903703
827,0.011269691826428398
828,0.011381593201372582
829,0.011239455270944006
830,0.011205649544027144
831,0.011601758402598611
832,0.011077690143453873
833,0.011137726862709654
834,0.011426335224345073
835,0.011149723682615716
836,0.011043821362841684
837,0.01116821027787055
838,0.011467311456325954
839,0.011120825828352974
840,0.011452453585846697
841,0.011097827606629265
842,0.011015483241338851
843,0.01156482393695515
844,0.010820645681124622
845,0.010859668460058964
846,0.011112127535960685
847,0.011052135066366044
848,0.010864330096549149
849,0.011308724269807592
850,0.011139079908666721
851,0.01089092517287423
852,0.011248155441766574
853,0.011249291059419008
854,0.011532997996625254
855,0.01118297120398384
856,0.010798685959050968
857,0.010663420163189708
858,0.011124399577472674
859,0.011195015990948779
860,0.011176308944537226
861,0.011389753145907643
862,0.011150161131932321
863,0.010479374891304868
864,0.011095741009971096
865,0.011208517693961828
866,0.010787013022355357
867,0.011293985742791477
868,0.010965935282125059
869,0.011048195694210165
870,0.011215939245707655
871,0.01089024541789066
872,0.010771872909834324
873,0.010883908880621953
874,0.011181170440484153
875,0.010932753245362033
876,0.011178908719665419
877,0.010741067146566712
878,0.01124991952852046
879,0.011029620978476132
880,0.010869185858548193
881,0.011117724216369501
882,0.011255726731240244
883,0.010579162944202958
884,0.010730117302924648
885,0.01134739052977855
886,0.010598427623952343
887,0.010689564297859699
888,0.010941363969754618
889,0.010935317961720087
890,0.01090984219700982
891,0.010728955324107812
892,0.010881360051995618
893,0.01094752111298553
894,0.011150482682890053
895,0.010833565260173154
896,0.010847984627678485
897,0.011133037022141329
898,0.011317122471124187
899,0.01075752049495103
900,0.010785785002507648
901,0.01084528599423751
902,0.010625201498426624
903,0.010853912578737837
904,0.010742477547787762
905,0.010939466695979996
906,0.011122823933581426
907,0.010779110150474865
908,0.011395372201735943
909,0.011209322226438986
910,0.010731813789866233
911,0.01051516446553297
912,0.010793283487022933
913,0.011006899355610802
914,0.010535919719170464
915,0.01066228101756108
916,0.01078736453348676
917,0.010812358863620182
918,0.01075287641546989
919,0.010990755273408051
920,0.011062312547622596
921,0.01079225092258115
922,0.0107881826253892
923,0.0108278013836845
924,0.010831239013695869
925,0.011048449274405079
926,0.011079346362532954
927,0.010719145348263999
928,0.010732992800836593
929,0.011003407910150491
930,0.010945394137968956
931,0.010953590021295062
932,0.010845753672074968
933,0.010950598064652187
934,0.010494098568461457
935,0.010780153156779075
936,0.01086483722536872
937,0.010870889744768708
938,0.010794981205204533
939,0.010884636346156062
940,0.011092731539728277
941,0.010738151609676621
942,0.010714185337330831
943,0.010842088657289238
944,0.010790471528199012
945,0.010704320125376521
946,0.010885534247667607
947,0.010550065419905014
948,0.010306404710163251
949,0.010562166851803155
950,0.01081643747639353
951,0.010776698849779569
952,0.010813631689554806
953,0.010388979277873443
954,0.010015465686160881
955,0.0107345026167962
956,0.010717910248786211
957,0.01080238049991934
958,0.010443776115869819
959,0.010763605413327024
960,0.010857649025175784
961,0.010351345254802856
962,0.01065371140553537
963,0.010474433838310888
964,0.010986359332198813
965,0.010719918641972087
966,0.01026424372142528
967,0.01047248172305398
968,0.010695444230558508
969,0.010708138812333345
970,0.010454127714985002
971,0.010752266028233
972,0.010874388995975003
973,0.010609212370936648
974,0.010691337626806255
975,0.010606887410947327
976,0.010374231820420946
977,0.010232333954171105
978,0.01016610796894815
979,0.010584260786930888
980,0.010651969773126609
981,0.010246171983022053
982,0.010599782528608279
983,0.010649656592789342
984,0.010166037405477994
985,0.010455830957961538
986,0.010897660438539618
987,0.011146648131879204
988,0.010853619251589654
989,0.01035944331768837
990,0.010551478907118663
991,0.01036196344105874
992,0.010971163529744846
993,0.010255366970264053
994,0.011059136193056228
995,0.01027082658562241
996,0.010393697409338112
997,0.010885147113447725
998,0.0103982069837403
999,0.010408010085160702
1000,0.010169123666424114
1001,0.01050302937184855
1002,0.010602700914714044
1003,0.010467778015250371
1004,0.010540573668303126
1005,0.010396348430885601
1006,0.01055576861441388
1007,0.010261986503314417
1008,0.010657635912046595
1009,0.010809943474576636
1010,0.010864163149085086
1011,0.010232696589871736
1012,0.01049620648688179
1013,0.010348147428515603
1014,0.010165184661272472
1015,0.010061860783025622
1016,0.01080788273790504
1017,0.010519973775845463
1018,0.010582568443585502
1019,0.010528516083545351
1020,0.01072661968547914
1021,0.01014442442348069
1022,0.010605767053567756
1023,0.010499563782428533
1024,0.010477833524819905
1025,0.010066934131180583
1026,0.010273361262881149
1027,0.010509526368893556
1028,0.010193605236393415
1029,0.010585888249452337
1030,0.010077072129884766
1031,0.010367150848605117
1032,0.010253093177768386
1033,0.010562787234972594
1034,0.010357244717651757
1035,0.010254054689401035
1036,0.010382464344976312
1037,0.010671833052568264
1038,0.01019349524561884
1039,0.010154592966408296
1040,0.010303931918500339
1041,0.010548406904089754
1042,0.010470607791537955
1043,0.010229596114417507
1044,0.010458882783650088
1045,0.010188587763646648
1046,0.010250186563422114
1047,0.010325286679474984
1048,0.010155696240332673
1049,0.010449679039608119
1050,0.010044779372006908
1051,0.009974252329981429
1052,0.01030669761505925
1053,0.010318542826699756
1054,0.010471974862581593
1055,0.010312049543106203
1056,0.010526656402053974
1057,0.01027431526473897
1058,0.01023543274456288
1059,0.010728735674046358
1060,0.01028141360019602
1061,0.010222903890850938
1062,0.010373161774191815
1063,0.010287097047509278
1064,0.010644423372854116
1065,0.010238124787712754
1066,0.010117955770248831
1067,0.009755074804238343
1068,0.010385036973629967
1069,0.010469274476991367
1070,0.009967712649949273
1071,0.010386144655551446
1072,0.010079737267283312
1073,0.010392425120097854
1074,0.010363435218805226
1075,0.010168726630982453
1076,0.010345725062445311
1077,0.009951882569466606
1078,0.009788079637150138
1079,0.009949602095915352
1080,0.010488356751689718
1081,0.010280848334748613
1082,0.010159002206588195
1083,0.010256790319236658
1084,0.010133855186907922
1085,0.01017100748337679
1086,0.01014410042977434
1087,0.010424184447185974
1088,0.010376636483469757
1089,0.009839077255199268
1090,0.010191193986999787
1091,0.010211134321545646
1092,0.01018072598045534
1093,0.01018689795776065
1094,0.010039557020132572
1095,0.009887076121107754
1096,0.009851118482617756
1097,0.010176304925106844
1098,0.010151938866760772
1099,0.009963135195548757
1100,0.010166975172331272
1101,0.010072417296784915
1102,0.010219087938667607
1103,0.01031459690766188
1104,0.010137129429001676
1105,0.010206581953660412
1106,0.009995640038465292
1107,0.010225637658041412
1108,0.010476092661936151
1109,0.01017992549291733
1110,0.010099962436578284
1111,0.010261532807154423
1112,0.01039378433804012
1113,0.00990557627973415
1114,0.009891539812088013
1115,0.009862937873734509
1116,0.01002250402629123
1117,0.010206916839105346
1118,0.010066861188102324
1119,0.009878358042057035
1120,0.01012971305477796
1121,0.009830326141821126
1122,0.010385675718849999
1123,0.010046241177498536
1124,0.009733763921974321
1125,0.009974241063346044
1126,0.010212545330494137
1127,0.009926762597603818
1128,0.009973237014738685
1129,0.009878979514400333
1130,0.010059062865073397
1131,0.010032436376342834
1132,0.009678344194919376
1133,0.010086330269479145
1134,0.010197344247914724
1135,0.010071643683427976
1136,0.00990716700631557
1137,0.010159722142616066
1138,0.009691198336718193
1139,0.009797430230241459
1140,0.010112455971065467
1141,0.009711553389995785
1142,0.010014628802063101
1143,0.009916176032906367
1144,0.009844771108858414
1145,0.009770168875486164
1146,0.0095241735255251
1147,0.07669086246830174
1148,0.009801225223720579
1149,0.010250029564535214
1150,0.010023067141014893
1151,0.010045786806524305
1152,0.010103956271373367
1153,0.009885896703670337
1154,0.01010948101500586
1155,0.010179072551397701
1156,0.010058444060416798
1157,0.009778881634948618
1158,0.010005284384903262
1159,0.009962265296854962
1160,0.010032414884890541
1161,0.009828715127403452
1162,0.01041575119104552
1163,0.009654121595766332
1164,0.009789954728873099
1165,0.010537078039783794
1166,0.010017838506659462
1167,0.010004588955287205
1168,0.01014428591687169
1169,0.009817981926755886
1170,0.009905458412180513
1171,0.009886870050202992
1172,0.00973313221692155
1173,0.00998490018438611
1174,0.009908946286255525
1175,0.010091507554811946
1176,0.010048568205339677
1177,0.010111825935290022
1178,0.009928512899994345
1179,0.0098408596487558
1180,0.009964070985314705
1181,0.009993364631940248
1182,0.009632728492714843
1183,0.009362646824506632
1184,0.009682922335972979
1185,0.009893451576610491
1186,0.009953418987313821
1187,0.009706009518733974
1188,0.009781645630659946
1189,0.009859777181961779
1190,0.009533653761875831
1191,0.009785876530459372
1192,0.009862755145088343
1193,0.009908294616961631
1194,0.009795689864589249
1195,0.010009993017666925
1196,0.009725643238999833
1197,0.009831302637486891
1198,0.010023951218700257
1199,0.009728899442638128
1200,0.010426090801355698
1201,0.009878480443888801
1202,0.010149860170559358
1203,0.009616373079213298
1204,0.010012731990003484
1205,0.009538366084413255
1206,0.009520100244178863
1207,0.009929998371339703
1208,0.010011230252083328
1209,0.009727088833164614
1210,0.009930222831919031
1211,0.009994500304840632
1212,0.009785628798654524
1213,0.009855340274398104
1214,0.010122021455002033
1215,0.009972863822733448
1216,0.009646364456137358
1217,0.009517783756857202
1218,0.009702075213604307
1219,0.009668937982928198
1220,0.009559112561519369
1221,0.00977792933393838
1222,0.009663214555831027
1223,0.009736328831700197
1224,0.009573804167241363
1225,0.009815579757757358
1226,0.009663162906890956
1227,0.009934327699307162
1228,0.009896556799442081
1229,0.009371056730495923
1230,0.009580045429421431
1231,0.009985874122861078
1232,0.009700600002592399
1233,0.009744579627541668
1234,0.009756332006842151
1235,0.009529192221619315
1236,0.009686844971946489
1237,0.009598295196448848
1238,0.009788425587970068
1239,0.009952427018275959
1240,0.009921063037620763
1241,0.0095402666375483
1242,0.01010373460081548
1243,0.010168590973589128
1244,0.009634903154604264
1245,0.009450792145552271
1246,0.009785843575057589
1247,0.009498936996274328
1248,0.009661043346938441
1249,0.009370221164456363
1250,0.009614077657145463
1251,0.009808038329800307
1252,0.009871916166680345
1253,0.009922650528250861
1254,0.00956911873467014
1255,0.009931647313474599
1256,0.009827517829361861
1257,0.00963726738404672
1258,0.00999378486757435
1259,0.009526453580770452
1260,0.009711669051577733
1261,0.009905057469919577
1262,0.009375734728271677
1263,0.009217493279474014
1264,0.009514463729998571
1265,0.009549406349216983
1266,0.009343763260896934
1267,0.009631296888120094
1268,0.009828107723555827
1269,0.009258548665981171
1270,0.009801410552966645
1271,0.009632619926548106
1272,0.009636701356966869
1273,0.010086713291673084
1274,0.00988442307511755
1275,0.009392706689156465
1276,0.009363608237482229
1277,0.0097782301471837
1278,0.009132187726702226
1279,0.009612707148890122
1280,0.009629346994620007
1281,0.00975024664648256
1282,0.00945224941281949
1283,0.009607681404736083
1284,0.009395665327339606
1285,0.009256853252428315
1286,0.009641494688783156
1287,0.009285289817884311
1288,0.009806327075871119
1289,0.009719054739511871
1290,0.00900158409613295
1291,0.009735035690305344
1292,0.009359417270111331
1293,0.009788820484526834
1294,0.009318084100861166
1295,0.009354911121082003
1296,0.00942669211002856
1297,0.009319693694617284
1298,0.009375055454734523
1299,0.009455990369857873
1300,0.009302480848727085
1301,0.009560472537147797
1302,0.009387835449839042
1303,0.009619731696764543
1304,0.009162226092007201
1305,0.009645849343989108
1306,0.009712755518286662
1307,0.009369291183617661
1308,0.009605277968981004
1309,0.009222315967682812
1310,0.009373594758148163
1311,0.009529703738704577
1312,0.00956380557884478
1313,0.009173450364052491
1314,0.009364408097561385
1315,0.009366250403572694
1316,0.00957357288354029
1317,0.009106424313543712
1318,0.009528667468703905
1319,0.009554972655092508
1320,0.009038957384399186
1321,0.009362690265179944
1322,0.009494022659610137
1323,0.00933877076022327
1324,0.009661254125757742
1325,0.009629945894229715
1326,0.009327447811394171
1327,0.009436785006674669
1328,0.00900225575334566
1329,0.009528664031492199
1330,0.009234907504139562
1331,0.009716413895425907
1332,0.009474647436606682
1333,0.00915459900999726
1334,0.009347133456839848
1335,0.009376932933958153
1336,0.009299811263868616
1337,0.009332080348000184
1338,0.009488530721420706
1339,0.00923639080897605
1340,0.009388111358098054
1341,0.009067609795700695
1342,0.009555225560473184
1343,0.00948900367938361
1344,0.009305461554519705
1345,0.009129949936138118
1346,0.009188769696974906
1347,0.009573823827618764
1348,0.008977488180527748
1349,0.00976862656583978
1350,0.009433980214299035
1351,0.009261757431362393
1352,0.00909975181744134
1353,0.009302905224011107
1354,0.009472646861005638
1355,0.00898783301571542
1356,0.009376606911862805
1357,0.009509996881992635
1358,0.009182799682494695
1359,0.009200870801331633
1360,0.01153993106178813
1361,0.009158442740060262
1362,0.009168712647189782
1363,0.009064328983047251
1364,0.009582240185779283
1365,0.0095096401538763
1366,0.009377829959395073
1367,0.009217399799943729
1368,0.009123971074093448
1369,0.009203961482113701
1370,0.009432343951568513
1371,0.009386454468151019
1372,0.00928162558840872
1373,0.009377856529712424
1374,0.009115156563693437
1375,0.009272558243661109
1376,0.00941509440130854
1377,0.008933894845293992
1378,0.00965256850093098
1379,0.009238150148352577
1380,0.009278554133913023
1381,0.00915312415415074
1382,0.009531956465946416
1383,0.009397960741514876
1384,0.008951079360825025
1385,0.009472062345594168
1386,0.009342948641722738
1387,0.00929052482943161
1388,0.009152104943927568
1389,0.009252454761920844
1390,0.008900027516913616
1391,0.009165258959756565
1392,0.00912466769943298
1393,0.009108235443926464
1394,0.009020380107528073
1395,0.009103250046560572
1396,0.008945144858937396
1397,0.009378754806120769
1398,0.009324951180241119
1399,0.009229247872638752
1400,0.008820402862156853
1401,0.009319565850862507
1402,0.00920551848771461
1403,0.009272213472779525
1404,0.008956340552007749
1405,0.008899473233969283
1406,0.00878267250244774
1407,0.009240170451417819
1408,0.009227878911325992
1409,0.009407858660255196
1410,0.009099821792915463
1411,0.009515264556916841
1412,0.00930659178549708
1413,0.00885572842069728
1414,0.009315401883953708
1415,0.009091593029166935
1416,0.008953659664997357
1417,0.00920856848232827
1418,0.009071183079159108
1419,0.009052377162595927
1420,0.00915477086663625
1421,0.009053343757039915
1422,0.009115393877313551
1423,0.009061253254728044
1424,0.008952116329317628
1425,0.009098662742239944
1426,0.008899592245944728
1427,0.009412644486242936
1428,0.008935134210702727
1429,0.008980877456744597
1430,0.009252898205639952
1431,0.009123399790565846
1432,0.009113292730713294
1433,0.009103708229643308
1434,0.009097919566556811
1435,0.008870621634078986
1436,0.009150948351785794
1437,0.008783901035312121
1438,0.009254365512248824
1439,0.00919912246418959
1440,0.00953917981567398
1441,0.0089440245291818
1442,0.008988322449406073
1443,0.009065780587399663
1444,0.008486132997766896
1445,0.008699295872632982
1446,0.009053436613057629
1447,0.009282673969549142
1448,0.008668925660520287
1449,0.008894554986539533
1450,0.008891286024571224
1451,0.009054718416784022
1452,0.009188889754715107
1453,0.008835367274360132
1454,0.00883336103584428
1455,0.00846256923040975
1456,0.009164218814506873
1457,0.008948746271494586
1458,0.009137435567612618
1459,0.008963883238828789
1460,0.009375187955102173
1461,0.00896578427735653
1462,0.009081927380698213
1463,0.009281861493206126
1464,0.008953805061814896
1465,0.009111377181706288
1466,0.00913926953907614
1467,0.00914243369568455
1468,0.008831673660868053
1469,0.009079482335344715
1470,0.009031234940482398
1471,0.02338238483121208
1472,0.008761565516687046
1473,0.008845407717024623
1474,0.009082823537953071
1475,0.00904632888544919
1476,0.008697890143809934
1477,0.00929625804330838
1478,0.008908965956356566
1479,0.008902148008188707
1480,0.008803571720402373
1481,0.008874537849451527
1482,0.008972240469844664
1483,0.008923392525826723
1484,0.008786870221907304
1485,0.008554642242616263
1486,0.0092023789953693
1487,0.008866673426197494
1488,0.008532362050866172
1489,0.009154060125445663
1490,0.008749836953199011
1491,0.008586645943223167
1492,0.008622283948648531
1493,0.008627092371047553
1494,0.008951318339776184
1495,0.008452545729134295
1496,0.008788040377420642
1497,0.008684418274689529
1498,0.008840386203284992
1499,0.008976006608109101
1500,0.008887627769766723
1501,0.008763983577363571
1502,0.24371676815484286
1503,0.008389313602662188
1504,0.008688291187508631
1505,0.00907262745392272
1506,0.008891785118760447
1507,0.008707398560561113
1508,0.008650330779284744
1509,0.008731717539761784
1510,0.008816535691178198
1511,0.008582381310604386
1512,0.00886706395421998
1513,0.008661349899909002
1514,0.009177731942006592
1515,0.009084572103979477
1516,0.008694411634262336
1517,0.008855468396223703
1518,0.008810881687075658
1519,0.009061684899063687
1520,0.008726409431231224
1521,0.008550546771325803
1522,0.008948557280098735
1523,0.00884484752254971
1524,0.008733906716076751
1525,0.008765867773159328
1526,0.008420979679104382
1527,0.008716519109083939
1528,0.008510522583846823
1529,0.0088589212944005
1530,0.008877630984821057
1531,0.009159069082115666
1532,0.008527503273907607
1533,0.008988408490194607
1534,0.008802409366688739
1535,0.008805021406861685
1536,0.009004030917313392
1537,0.00875585458351899
1538,0.008869498609012719
1539,0.009005470457881436
1540,0.008683415705937956
1541,0.008640635857295435
1542,0.00870658477405244
1543,0.008813150325726908
1544,0.008411747849372736
1545,0.008401299211180817
1546,0.008768668658715688
1547,0.00865031133989914
1548,0.008858112298678292
1549,0.008444889740608
1550,0.008531806051289127
1551,0.008477587387028892
1552,0.00841645962337695
1553,0.008442325596460852
1554,0.008611757028058676
1555,0.008633341833601817
1556,0.008750167154407098
1557,0.008968350872144861
1558,0.008578927986229123
1559,0.008642290138750005
1560,0.008600209575241147
1561,0.008557445780074193
1562,0.008760550639481616
1563,0.00873317493331003
1564,0.008510511258017208
1565,0.00856835910087546
1566,0.008615499563609897
1567,0.008641695252509188
1568,0.008716736478194341
1569,0.008682499801487489
1570,0.00852103670269756
1571,0.008546168619956253
1572,0.008739525365437997
1573,0.008882824860323789
1574,0.008750114187408807
1575,0.008498045481678288
1576,0.008698791956087039
1577,0.008664255618449237
1578,0.008342720098572514
1579,0.008455769703486713
1580,0.008801553856139467
1581,0.008623178041997855
1582,0.008366302433186921
1583,0.00816175002620508
1584,0.008474517664951036
1585,0.00846774916764412
1586,0.00841726255760986
1587,0.00872227173866862
1588,0.008382661591710175
1589,0.009046032460469563
1590,0.008395100549115972
1591,0.008415469852418212
1592,0.008607340376761
1593,0.008262303626259505
1594,0.008452040084116793
1595,0.008478243381447963
1596,0.008415581942614863
1597,0.008319436864516997
1598,0.00861591225000635
1599,0.008529248422453716
1600,0.00851605100541423
1601,0.008628869760718387
1602,0.008481791823060584
1603,0.00853863799691958
1604,0.00848929607309401
1605,0.00830434882318822
1606,0.008548300906668528
1607,0.00876374276733752
1608,0.008247117918395138
1609,0.008637236774567578
1610,0.008256356504161731
1611,0.008743433558019036
1612,0.008290466623601772
1613,0.008544732027260934
1614,0.008380352464204623
1615,0.008147718112568482
1616,0.008403128269523129
1617,0.008456217819603823
1618,0.0084682436644147
1619,0.008612662999717108
1620,0.008389006952865648
1621,0.008352755272950409
1622,0.008099936615770399
1623,0.008290105968934753
1624,0.008832094441089084
1625,0.008400166841318547
1626,0.008428500495630048
1627,0.008408094539259703
1628,0.008354204746310488
1629,0.008282310577993423
1630,0.008456574902885546
1631,0.008214365288425805
1632,0.008513776999819329
1633,0.008073050497194468
1634,0.008061434659254501
1635,0.008253034910629108
1636,0.008308282477181341
1637,0.008381339910803205
1638,0.007976479189059997
1639,0.008547428995370865
1640,0.008427372924446806
1641,0.00833971281851626
1642,0.008293148536645508
1643,0.008503521074367276
1644,0.008157360805514253
1645,0.00826010306492069
1646,0.008185199035678879
1647,0.00830410948512539
1648,0.008148455988394759
1649,0.008330738633650086
1650,0.008113976051020672
1651,0.008480332681309368
1652,0.008468760927286694
1653,0.008094294695183635
1654,0.00805741565507221
1655,0.008212989488206172
1656,0.00851661360317494
1657,0.008202009408150688
1658,0.00818653451673434
1659,0.00825604144878433
1660,0.008465024070435409
1661,0.008462358715991347
1662,0.00820831254803402
1663,0.008152749223666171
1664,0.008257583837356355
1665,0.008214344609907623
1666,0.008365654094555116
1667,0.00805616121486587
1668,0.008037406363193009
1669,0.007935436829230038
1670,0.008082590472363567
1671,0.008149084232558133
1672,0.008385932507088124
1673,0.008244518553680283
1674,0.008138113749860707
1675,0.008049621112581532
1676,0.008355325170776855
1677,0.00816871406968241
1678,0.008263071695090099
1679,0.008344538194143165
1680,0.008166515951092213
1681,0.008258797098109024
1682,0.008401680181308066
1683,0.007998834103661574
1684,0.00800486498559683
1685,0.008197863262651836
1686,0.008441223186772253
1687,0.008352756902764914
1688,0.007904866631379572
1689,0.007961080776590664
1690,0.008138047894305092
1691,0.008409500410148905
1692,0.008335867442853622
1693,0.008359154173315076
1694,0.008148256787967127
1695,0.008209670818868583
1696,0.00821387221626306
1697,0.008000364791507186
1698,0.008183592034630099
1699,0.00816584443989194
1700,0.008145261035000875
1701,0.008280268830831274
1702,0.007863801493609355
1703,0.008234851610831033
1704,0.008077492400751276
1705,0.008173328851965271
1706,0.007963439595680369
1707,0.007913559302293018
1708,0.007886905594081697
1709,0.008181330787365214
1710,0.008101269279180442
1711,0.008079482692341178
1712,0.00807141802684104
1713,0.00787601106547577
1714,0.00817697488118784
1715,0.008119268453348491
1716,0.00786408772534233
1717,0.007877575395376249
1718,0.00796349953181284
1719,0.007857510721374113
1720,0.008096409109184298
1721,0.00786244067742284
1722,0.007953725123809556
1723,0.007913890144771944
1724,0.008083233992584933
1725,0.00814885882092482
1726,0.00803537307291339
1727,0.008364850627574123
1728,0.008001792812877792
1729,0.008141598253810809
1730,0.00800998235452857
1731,0.007873525673334124
1732,0.008167956786040785
1733,0.007958040122826726
1734,0.008033368223488836
1735,0.008043255526730317
1736,0.00790023889345259
1737,0.007894978846691676
1738,0.00787739994762055
1739,0.007864971941147568
1740,0.007995826385568007
1741,0.007985620704179599
1742,0.008054688383462065
1743,0.007943770903462575
1744,0.008074356033861384
1745,0.007780819436756231
1746,0.00783764667240745
1747,0.007982373498064481
1748,0.008027717175151584
1749,0.008058304113130701
1750,0.008090393566447546
1751,0.007905412019404062
1752,0.007802630281391538
1753,0.007925179321318865
1754,0.007935495332862108
1755,0.00796341672302934
1756,0.007776559188456858
1757,0.00793023049531473
1758,0.007659286142216395
1759,0.007971872611097613
1760,0.00783680688779233
1761,0.007842279856203723
1762,0.0078086165032523165
1763,0.007638722875202864
1764,0.00765121227398641
1765,0.007899379448460067
1766,0.007808157388847005
1767,0.007719412690691523
1768,0.007986877362196476
1769,0.007664531903436123
1770,0.007991529938022969
1771,0.007926596529876529
1772,0.007868758209396974
1773,0.007612293234915804
1774,0.007537328271132152
1775,0.007606711881866647
1776,0.00783758082869068
1777,0.0076428101974207975
1778,0.008091444062795175
1779,0.007751798004669659
1780,0.007957627219384757
1781,0.007834389750545814
1782,0.007777920083569015
1783,0.00770909093730783
1784,0.007560443665863851
1785,0.007687906612310622
1786,0.007856425367516734
1787,0.007570986430776321
1788,0.007696605757099844
1789,0.007629954982233249
1790,0.007981490067569381
1791,0.0075690339721928715
1792,0.007951039864318603
1793,0.007599824755373648
1794,0.00805555920558587
1795,0.007639344339653597
1796,0.008073101814646842
1797,0.0075284225463677764
1798,0.0076193416262266495
1799,0.007681673132198847
1800,0.007620169783121575
1801,0.007853150537426946
1802,0.007844409372625967
1803,0.007559347980639944
1804,0.007907494630317315
1805,0.007715500358460566
1806,0.00739293011157947
1807,0.007587759128092962
1808,0.0078961099261197
1809,0.007629862741835542
1810,0.007653469997221383
1811,0.007512280393896972
1812,0.007758854580569571
1813,0.007641223350034679
1814,0.007728618100064539
1815,0.007563988354562198
1816,0.00732011689757139
1817,0.007756545768766585
1818,0.0076454829274660956
1819,0.007901016243938672
1820,0.007655257398609893
1821,0.007494092918932438
1822,0.007656879375799228
1823,0.007668967824429274
1824,0.007539519061476497
1825,0.007678073795386038
1826,0.007638997639040068
1827,0.007573095998742571
1828,0.007428372582673269
1829,0.007181086009210449
1830,0.007475944812078092
1831,0.007645372514439337
1832,0.007125696842164054
1833,0.007455526401241452
1834,0.007616881740879331
1835,0.007447817718010332
1836,0.007249011101706301
1837,0.007603127083157079
1838,0.007301083627804104
1839,0.007629924860262012
1840,0.007400823374263058
1841,0.00755981904044116
1842,0.0076515098236564355
1843,0.007260272176778417
1844,0.007554542273283005
1845,0.0075370779308348386
1846,0.007398945630638529
1847,0.007513508907029942
1848,0.007551549393210118
1849,0.007361748413640564
1850,0.007344891849936822
1851,0.0073249094638089506
1852,0.00749023880620124
1853,0.007386981817435915
1854,0.007337065764813353
1855,0.00726035002113904
1856,0.007537987035841255
1857,0.0074059747364687714
1858,0.007489345206137178
1859,0.007129678715778105
1860,0.007510772677359439
1861,0.007488139226274975
1862,0.007392613501366922
1863,0.007128432661421218
1864,0.0074063245072897715
1865,0.007151303627386184
1866,0.007542688581082276
1867,0.007319100560241584
1868,0.0070746470503193345
1869,0.007559111468115096
1870,0.007253626740332377
1871,0.006890309796968507
1872,0.007571254296512422
1873,0.007440344213460714
1874,0.0071687885931045825
1875,0.007199826650321484
1876,0.007134923770613337
1877,0.007288895121191518
1878,0.0072933335835903374
1879,0.007294713519513607
1880,0.00720234132387628
1881,0.007306725611531381
1882,0.007111375137248029
1883,0.0070910728181380845
1884,0.0074433742517258155
1885,0.007062895164304113
1886,0.007288676891791619
1887,0.0072123700658143575
1888,0.007064631804666024
1889,0.007330607926725584
1890,0.007318109262071677
1891,0.007115857085702404
1892,0.007092646445479181
1893,0.007110812184321931
1894,0.006977490287558254
1895,0.007264770007045087
1896,0.007002550820520116
1897,0.0071329828588512995
1898,0.00697837540311581
1899,0.0071507527264056065
1900,0.00735048276877378
1901,0.007011060492467072
1902,0.007186369086473675
1903,0.006881462425877482
1904,0.006965129245546157
1905,0.007036107568606987
1906,0.007002757653057323
1907,0.007048253534298579
1908,0.007325362066848804
1909,0.006897171371284936
1910,0.0068779554320657155
1911,0.007018897585744448
1912,0.006686464638717599
1913,0.007257725498875824
1914,0.006890892753598548
1915,0.007080656934087559
1916,0.006919841400458146
1917,0.007042256140513188
1918,0.007051555222784311
1919,0.00705269700452938
1920,0.006990318411519214
1921,0.006721464680286788
1922,0.006877947930183451
1923,0.007071858911254144
1924,0.0071137369199955865
1925,0.007000845359733044
1926,0.007142164657618535
1927,0.007079067742609877
1928,0.006888449235456222
1929,0.006898993499955888
1930,0.006933633281486266
1931,0.006753389273722798
1932,0.006612823544054339
1933,0.006937315387619754
1934,0.007056099133787013
1935,0.006956374706795155
1936,0.006881975923996355
1937,0.006823688867833402
1938,0.006650224233330306
1939,0.006742787571087227
1940,0.00690361767833642
1941,0.006647293404597095
1942,0.006845899719460789
1943,0.006639423125060433
1944,0.006892249236767322
1945,0.00682900520041585
1946,0.0067211674384267655
1947,0.006619032535512569
1948,0.006917498342819133
1949,0.006786327086925759
1950,0.006825030205171492
1951,0.006655573533153382
1952,0.006765158487862702
1953,0.006559150980122514
1954,0.006694615506803838
1955,0.006538057749128064
1956,0.006566119068538991
1957,0.006813443021185823
1958,0.006591692334040999
1959,0.0065476618967634645
1960,0.006629243137914751
1961,0.006533575962471254
1962,0.006411991346532763
1963,0.006643640737728042
1964,0.006851559990259297
1965,0.006425691969787418
1966,0.006666795161189669
1967,0.006578943715825424
1968,0.006736843759920132
1969,0.006575642481162134
1970,0.006612039946603699
1971,0.0064697025217494725
1972,0.006304447452332509
1973,0.006458289534548077
1974,0.006511784857138991
1975,0.006332057658425074
1976,0.006491343242163628
1977,0.006348639237299814
1978,0.00639755973766037
1979,0.006369507279625888
1980,0.006318821382345789
1981,0.006285873502177202
1982,0.006202598591729746
1983,0.006377487309213917
1984,0.006302963549634284
1985,0.006144896565968076
1986,0.006392040410300053
1987,0.006249037066127284
1988,0.0063109279499720715
1989,0.006204443462824417
1990,0.006238247082426639
1991,0.006162138138818792
1992,0.006213473246859039
1993,0.0061084717448990225
1994,0.006209309946871915
1995,0.006076575722545385
1996,0.00623788243806842
1997,0.005905832996655066
1998,0.006035651123719447
1999,0.0059579956104536935
2000,0.005848764483343368
