1,0.5412730757715338
2,0.17482359587388524
3,0.12327373583438032
4,0.09590176259309559
5,0.08950073571907262
6,0.07652962188852036
7,0.07014495475312411
8,0.06732537180690443
9,0.06346850032460387
10,0.055350837424018626
11,0.05513622496529656
12,0.05220726040839139
13,0.04768185963128078
14,0.04608897795364008
15,0.041488134633686585
16,0.04076787287969205
17,0.03828819520708363
18,0.03636902979559312
19,0.03486243138184487
20,0.03290897734084372
21,0.03153393862737437
22,0.03158705889926118
23,0.03037977753743782
24,0.0314671583552608
25,0.0296055272189995
26,0.029245536206132274
27,0.027362903927342367
28,0.027102189785721948
29,0.027215253845867465
30,0.02631585035567819
31,0.025093647564556135
32,0.025854093504090934
33,0.02472850036318019
34,0.02390693274121416
35,0.023357758756284996
36,0.02354150641930558
37,0.022951380152381576
38,0.022668563429329356
39,0.022672410146727905
40,0.0213998895122717
41,0.021232814196560344
42,0.022091356713829908
43,0.02195667895346375
44,0.02254253456179621
45,0.021365822095550217
46,0.020346223364852496
47,0.020302528349714258
48,0.020425616282085748
49,0.019842355377908984
50,0.01964454177640757
51,0.019922574390104766
52,0.01909571507219541
53,0.019179524830147877
54,0.019390105467163406
55,0.0182867799885571
56,0.018810911624992297
57,0.018212762827022097
58,0.018088407325163737
59,0.01763560678178476
60,0.018468537912467272
61,0.01759321012897259
62,0.016980415139094752
63,0.018033348750007356
64,0.01734728357060102
65,0.01784882091490899
66,0.01742882086595489
67,0.017054854710665295
68,0.016737185173936315
69,0.017165243538822664
70,0.016444526005031195
71,0.01683121887667073
72,0.015791886588716407
73,0.016150861157704206
74,0.015398886544093236
75,0.01605054349796373
76,0.01623107038312039
77,0.015898504917967623
78,0.01582857328703848
79,0.015572121508924638
80,0.016028751374490686
81,0.01604940037448275
82,0.015075591266534086
83,0.015584677868222787
84,0.0152785946946528
85,0.01596940191210074
86,0.015518983435359294
87,0.014956067422783728
88,0.015420356548343927
89,0.014531788293872092
90,0.014344899046976688
91,0.01463524610498699
92,0.014495143651078313
93,0.014749568496372992
94,0.01446218455557601
95,0.014074823021951873
96,0.014247876003984425
97,0.01399619307889903
98,0.014458765177119333
99,0.01450435087179481
100,0.01376339612070913
101,0.013862418725107939
102,0.013656939119416274
103,0.013904116597910554
104,0.013537667675922483
105,0.014138396683354246
106,0.014109177057141974
107,0.013591665604893687
108,0.013465250222706946
109,0.013548027617478017
110,0.01348207487677366
111,0.01402991249273389
112,0.012936512545003729
113,0.013111084119527269
114,0.013541275753750134
115,0.012981469111548643
116,0.013174614726991976
117,0.01273448734102234
118,0.013399648239394114
119,0.013045201046487032
120,0.013084703594667174
121,0.012958223027792775
122,0.012875810435231207
123,0.012759351866098783
124,0.013168218956029012
125,0.012847404986209536
126,0.012731949380456896
127,0.012980866372206454
128,0.012976196764226434
129,0.01212782932098134
130,0.012942165988734213
131,0.012538963881463317
132,0.012457656086091016
133,0.012436965369950917
134,0.012143265570403409
135,0.012168858441034868
136,0.01236263207964978
137,0.012885672573031763
138,0.012172992751633718
139,0.011984437755387971
140,0.012008494220011063
141,0.012904638838875344
142,0.012186198396671373
143,0.011880527313609245
144,0.011580981531227797
145,0.011558508784589121
146,0.011641144819589238
147,0.011943205070318812
148,0.012010296854048462
149,0.01141846222582005
150,0.01165896171498728
151,0.011425811272524929
152,0.012188892850999609
153,0.011942786484230625
154,0.011394623236856976
155,0.011416548945925246
156,0.011802421271074878
157,0.011738346187176845
158,0.011383601843174232
159,0.011994209728535201
160,0.011544004923237835
161,0.011419983505729144
162,0.011640772718730999
163,0.011789197559957788
164,0.011496351207054015
165,0.011176016122513151
166,0.01131028302755775
167,0.010976448797194635
168,0.011383085878629047
169,0.01159458938133666
170,0.01167252815281183
171,0.0108360402262375
172,0.011289855449507802
173,0.010730086877089689
174,0.011322768270906251
175,0.010818335993247013
176,0.011058826662473759
177,0.01117596268590729
178,0.011022928537864048
179,0.010553471250775255
180,0.010312181147667816
181,0.010881441353299355
182,0.011081869741586052
183,0.010962780837316886
184,0.011237034945101556
185,0.010465877679160844
186,0.011388574766342417
187,0.010890823125965515
188,0.010697068433450946
189,0.010991737810831707
190,0.010592577943452081
191,0.010769223687791471
192,0.010773048246816054
193,0.010381957448987384
194,0.01021158338871674
195,0.010217428333678488
196,0.010798018413864203
197,0.010484226931959896
198,0.010484977818678244
199,0.01087996362455947
200,0.010449839152111593
201,0.010239266028817175
202,0.010213421420904539
203,0.010889783059641465
204,0.01056388916716106
205,0.010126757897215627
206,0.009981630176653043
207,0.010073609508068885
208,0.010360820727991098
209,0.00985994393605802
210,0.010369427995440566
211,0.010417459781234295
212,0.010736629540511107
213,0.01025609855571667
214,0.010504978843096454
215,0.009982903397215878
216,0.009707442163174056
217,0.010225734760258662
218,0.009880837637110281
219,0.01023862624177867
220,0.009753373210807726
221,0.010173840988900954
222,0.009716649969913444
223,0.009998746437288947
224,0.010098555496246633
225,0.009714509814314671
226,0.009987936497239744
227,0.010007421639984694
228,0.010089289679160436
229,0.00961853927238134
230,0.009716977513300539
231,0.010087353789042366
232,0.009755952410021071
233,0.009973500010762679
234,0.009375046650579168
235,0.009508023369994205
236,0.009155948346449156
237,0.010211046047161445
238,0.009579255091720971
239,0.010017546454160395
240,0.0099617982149061
241,0.010236402255309335
242,0.009658228894064234
243,0.00985863140460609
244,0.009810669241094236
245,0.009215366290645453
246,0.009548244080348415
247,0.009286103450487984
248,0.009602316742036807
249,0.009303395817908695
250,0.009385560840462982
251,0.00923757531711737
252,0.009515710259882449
253,0.009961860510915264
254,0.009467916111303968
255,0.009116684098459654
256,0.009394954558525044
257,0.009681294786633324
258,0.009326299107870308
259,0.008978022080925057
260,0.009480797261457449
261,0.009806698132937743
262,0.00948372159263719
263,0.008987021466748695
264,0.0094478334481749
265,0.009599923262751456
266,0.009403244521216316
267,0.009234673971057697
268,0.00894879647609541
269,0.00976757455806611
270,0.009351140448539439
271,0.009207645170706309
272,0.0095357550821125
273,0.008710301370691445
274,0.008990210958488159
275,0.009379884251788005
276,0.009138490412763114
277,0.008965553475101874
278,0.009080997768836885
279,0.009354268064548782
280,0.009130383741063208
281,0.009033170623420659
282,0.009347278660289565
283,0.008762957064545381
284,0.00918176999883884
285,0.008822616748117164
286,0.009252663960254167
287,0.009023703370338022
288,0.009186332289650405
289,0.008953682916491465
290,0.009136194276418222
291,0.009124205449706543
292,0.00934957578123184
293,0.009150276856370649
294,0.008906632200104453
295,0.008829932997271545
296,0.0086474174365275
297,0.008915860128936247
298,0.008871928638762842
299,0.009302402045419914
300,0.008901696703475664
301,0.009003151697501287
302,0.009129067681635083
303,0.008742008470709167
304,0.00867821732180793
305,0.008922947014255797
306,0.008904762080696932
307,0.008624793870879685
308,0.009022220929737314
309,0.008763673484435904
310,0.009186538342796898
311,0.009189566394108964
312,0.00837126611613558
313,0.008692375115923962
314,0.009060447175308304
315,0.00839575930395937
316,0.008407265287271495
317,0.008902350265011823
318,0.008767473973112843
319,0.009111084134744133
320,0.008704950147055848
321,0.007989367199824902
322,0.00856624819314644
323,0.008546405065394306
324,0.009344145474103043
325,0.008566028408911394
326,0.00866430360129324
327,0.008867945014972681
328,0.008498449807876122
329,0.008317835715804564
330,0.008537341619573407
331,0.008654584845733213
332,0.009071728108071928
333,0.008867662368436991
334,0.00825979006555626
335,0.008443624298167179
336,0.008449233596812997
337,0.00889443886126944
338,0.008204686121967763
339,0.00860976733235737
340,0.008460965812585111
341,0.008189997616050354
342,0.00832113582972374
343,0.009007999073650878
344,0.008357670722466152
345,0.008590351685613267
346,0.008574819097579536
347,0.0083492480127646
348,0.00858167041748194
349,0.008179127122275531
350,0.008336974603865864
351,0.008190456134567068
352,0.008638529221416783
353,0.008047692396804312
354,0.008290279283724979
355,0.008546526646399396
356,0.008514919115025235
357,0.008385191075661677
358,0.008375863870211199
359,0.008376177554255572
360,0.008254536555811636
361,0.007722154456995807
362,0.008800526417918125
363,0.008686519748831199
364,0.007951957844513453
365,0.008822810356663066
366,0.008081619308124913
367,0.008361254189305512
368,0.008130068099520847
369,0.008306411988796445
370,0.008307656472533058
371,0.008191534977058991
372,0.00817748140622625
373,0.008335529035351917
374,0.008269119772949588
375,0.008082807752682622
376,0.008328323724079814
377,0.008292887046128133
378,0.007987825352880094
379,0.00831455678355454
380,0.007778825613243853
381,0.008316636343991731
382,0.008336636079948837
383,0.008302318315037478
384,0.00833171293912929
385,0.008201303090742332
386,0.008274423883896384
387,0.008451738073174857
388,0.008377530507475011
389,0.007645134263577224
390,0.007947331931741939
391,0.007936701695513675
392,0.008183511412086881
393,0.0076990093743839
394,0.007940549162705824
395,0.007904060557879254
396,0.008098630988338993
397,0.007796791259799216
398,0.008246085594676562
399,0.0078388526641085
400,0.008198247723265599
401,0.007840893775919231
402,0.007761014475471387
403,0.008109706006075997
404,0.008031981241478884
405,0.007782506040234308
406,0.008177300185059844
407,0.008195440434866537
408,0.007900716711261893
409,0.007968019447447258
410,0.008100104415631396
411,0.007704440577318734
412,0.007803041028190341
413,0.008125970367010746
414,0.008003318863841941
415,0.007847679840100898
416,0.007391496427294056
417,0.008195230413733398
418,0.007856888722202157
419,0.007905473344627831
420,0.0077290606440313285
421,0.00788775812913427
422,0.007436317364069618
423,0.007839900109980065
424,0.008366948437592867
425,0.007405309620218636
426,0.00784118078901606
427,0.007501251005046701
428,0.007990055636629084
429,0.00812046043377496
430,0.007999523732242948
431,0.007561433821585093
432,0.0076077738895191475
433,0.007948540498392057
434,0.0076416447596877055
435,0.0076671445039811275
436,0.007589587000577505
437,0.007767622021689884
438,0.007966014394789176
439,0.008065245329339247
440,0.007567652503139008
441,0.007256351764534868
442,0.007665633811946895
443,0.007531733526374703
444,0.007490827346820448
445,0.007946653682264989
446,0.007569368046676835
447,0.007696241971057982
448,0.007449318599587275
449,0.007668397835282199
450,0.00772165175985103
451,0.007811066069071955
452,0.007614762220389636
453,0.0072962087598802934
454,0.007911652263443349
455,0.007610984989126228
456,0.0077161590462171675
457,0.007598400283683786
458,0.007432345375892217
459,0.007836521119747501
460,0.0074318404846145944
461,0.00788003095757153
462,0.0074899441353440035
463,0.007649285560947353
464,0.007247675965950525
465,0.007768597641281026
466,0.00754431208350964
467,0.00746308032312762
468,0.007417008635919478
469,0.007680695269146334
470,0.007359578578054147
471,0.007701550373586558
472,0.0078886168006555
473,0.00742591646405221
474,0.00785170980902799
475,0.007257401690644733
476,0.007390054481467075
477,0.007241689550721923
478,0.007402757790444766
479,0.007423628042688814
480,0.007382719649270304
481,0.0071991998445779335
482,0.0072746704040505625
483,0.007277742616232421
484,0.007425232535875324
485,0.007325355843561939
486,0.007612901424073567
487,0.007795331893109922
488,0.007491726974830411
489,0.007182121450491881
490,0.007086718516124381
491,0.007365132011157476
492,0.007272280294890121
493,0.007534096216767142
494,0.007180312701690374
495,0.007323793707794304
496,0.007402879835138002
497,0.007410283703593758
498,0.007283523234822866
499,0.00759386979201335
500,0.007347951974656622
501,0.007299568219962767
502,0.007047145554432803
503,0.0072692102196200165
504,0.00694695748665007
505,0.0071637531923982554
506,0.007413598203684314
507,0.00701740930661938
508,0.007226621112549457
509,0.007225774510732016
510,0.007094234155127936
511,0.007184894056990743
512,0.007241285802654417
513,0.007395175652641614
514,0.007235741947177734
515,0.007121668110396397
516,0.007112503716706345
517,0.007298284551618084
518,0.006881097805196956
519,0.007258321326304921
520,0.007149352871623459
521,0.007447709893744628
522,0.007035457923755807
523,0.0070970199007730364
524,0.007470664690580156
525,0.0072575703882849065
526,0.007143010734580457
527,0.007580407214414139
528,0.006955303533902487
529,0.007033477085484665
530,0.007139648529858786
531,0.007407772064729893
532,0.007237649933135105
533,0.007567394124265066
534,0.007196744767775349
535,0.007113422221756714
536,0.006981844737557537
537,0.007481050194177966
538,0.006907789604896206
539,0.0070654835623010235
540,0.007422780160302833
541,0.0069362195840073845
542,0.0069732248696293365
543,0.007166843514068652
544,0.00668947641358916
545,0.006944697912608795
546,0.0070459857046351595
547,0.006849214584582438
548,0.007154082922833198
549,0.00702102265470677
550,0.007552159066169949
551,0.00705311026905616
552,0.006940665822555074
553,0.00697768879541338
554,0.006996147991631622
555,0.0069160518567946
556,0.006806904128436946
557,0.006939390526247858
558,0.007110503310795432
559,0.006621195457212754
560,0.006833599537011173
561,0.006745812345012012
562,0.006754142171071874
563,0.007328013621144376
564,0.00718568858958907
565,0.007162486706165818
566,0.007055941365375105
567,0.00718154111222001
568,0.006917898018323517
569,0.00676660688388777
570,0.006599754975098422
571,0.007229262226955744
572,0.0068469788125416235
573,0.006781698411756779
574,0.006689060483348824
575,0.006943133397233057
576,0.00718808296862674
577,0.006932127423647602
578,0.007005968212023757
579,0.006855998578939145
580,0.006973901311709088
581,0.006555949002346497
582,0.006852882681414485
583,0.0070055188607203505
584,0.006822198197261383
585,0.006745809973296472
586,0.00712963244364739
587,0.007088813253962514
588,0.00662265976267409
589,0.006627531471599083
590,0.006522678414959524
591,0.006874865552378913
592,0.0065843832454154805
593,0.006984072390122939
594,0.007086810357947597
595,0.006598779292366767
596,0.007215373758700187
597,0.006687659864961091
598,0.007085535574657053
599,0.006492440900528583
600,0.006829299385880388
601,0.006632469499767837
602,0.0069107384839237245
603,0.007009824317627413
604,0.006570737118343428
605,0.006638864591970282
606,0.006732649475699133
607,0.006980681197986133
608,0.006613589685126129
609,0.006955853081308305
610,0.006887463574550288
611,0.006689598795689516
612,0.006530930793260114
613,0.006638836672024454
614,0.007054687635499542
615,0.00666068716890226
616,0.006791947561442473
617,0.006781248519812726
618,0.006663184236119486
619,0.006969546005366591
620,0.006515676672649333
621,0.007169752468560207
622,0.006812438522702304
623,0.006979149420966662
624,0.006972522149257109
625,0.006783259989125497
626,0.00646239227883644
627,0.006630169419113988
628,0.006639924302886603
629,0.0065229816472757675
630,0.006724016407457322
631,0.0069750273122720545
632,0.006422642292849467
633,0.00681575590357879
634,0.0070283251609337535
635,0.006872994361555804
636,0.006477888053977641
637,0.0066959663901983175
638,0.0065699767980377305
639,0.006974738122800649
640,0.0068295748422901
641,0.0067583638069740794
642,0.006625715372847172
643,0.006473331864118197
644,0.006687166617188792
645,0.00665306999403352
646,0.006767102110720539
647,0.0065522098684904434
648,0.0067452638196932565
649,0.006390703139605664
650,0.006713118506753344
651,0.006670069182291627
652,0.006455368216354716
653,0.006905980929100918
654,0.006610975555396813
655,0.007069305929165902
656,0.006483369455593875
657,0.0063947769754045345
658,0.006658018444333289
659,0.00664636684715811
660,0.0064998183091628855
661,0.006542618149670504
662,0.006548394076131537
663,0.006726516098952142
664,0.00625169075536147
665,0.006748371986451291
666,0.006541898122878145
667,0.0070888092958415715
668,0.006655667425070147
669,0.006682316478641735
670,0.006269347218607189
671,0.0066202959712689455
672,0.0066999997154383335
673,0.006715948330396313
674,0.006509891178427359
675,0.006740618025552545
676,0.006905239517405882
677,0.006749452776433427
678,0.006604496813852782
679,0.006567020634173463
680,0.006256807956576221
681,0.006425682952532829
682,0.006768280024624477
683,0.0069100214109235145
684,0.006799530685816149
685,0.006625956405838162
686,0.006634809698325471
687,0.006220410418128437
688,0.006522925464057569
689,0.0063174257086495225
690,0.00650654720355583
691,0.0062610393713654604
692,0.006331257676011172
693,0.00611674946227695
694,0.006350177381645446
695,0.006729796473568274
696,0.006405513741517976
697,0.006193448730223513
698,0.007009637435519342
699,0.0061972690627799705
700,0.006249188344878287
701,0.00676352062491479
702,0.006339635409935677
703,0.00636854590118026
704,0.0061508866828092834
705,0.0063952591400435665
706,0.006467091164283328
707,0.006671407368523463
708,0.0063087284521562825
709,0.006181023430900048
710,0.006437593015400156
711,0.006322447634775633
712,0.006219333047599737
713,0.006407625945600666
714,0.006649229902442608
715,0.006324503691156663
716,0.0064959365842958625
717,0.006317918005367836
718,0.0064372839840223725
719,0.006443785179911529
720,0.0064070993339863875
721,0.006422863489853502
722,0.0062799645682512705
723,0.006098785076558717
724,0.00636622717533008
725,0.006118324356374599
726,0.006743295207004047
727,0.006254915915571658
728,0.006144024413947205
729,0.006604608304214553
730,0.006273061627032772
731,0.006570897224927479
732,0.006606160907737784
733,0.0064449193078424715
734,0.006565035301087014
735,0.006664750622032936
736,0.006385060826363831
737,0.00657991260305931
738,0.006479987560897686
739,0.006117110832207599
740,0.006544172899971195
741,0.006250304976967558
742,0.006452051879269845
743,0.006227646832022879
744,0.006394656426352212
745,0.006322970525045895
746,0.006043652995978877
747,0.006101783990496927
748,0.006224532633372661
749,0.005961137073966912
750,0.00648932784235389
751,0.00644805813721239
752,0.006444387471350699
753,0.0062923115654453885
754,0.006196481696629928
755,0.006466827122494578
756,0.0061368893701741
757,0.0062620400754987435
758,0.006402113437415811
759,0.0065837086521688916
760,0.006203537731889194
761,0.006394744353463589
762,0.00621968013297577
763,0.0059168942951423635
764,0.006376307406383804
765,0.006192652206725867
766,0.006557642298719009
767,0.006194280407202067
768,0.006215836217437508
769,0.005934896087668584
770,0.006189269941079162
771,0.006053725267381613
772,0.005859895356757156
773,0.006233690967546555
774,0.005985531277196892
775,0.0061321487744986
776,0.006254921430500888
777,0.006019949265834638
778,0.0059812906912480625
779,0.006211492294145716
780,0.005952327099818168
781,0.0064120785021459905
782,0.005834846907311072
783,0.005916001637253153
784,0.006252643251712671
785,0.00630669630432533
786,0.00600764327840406
787,0.0061281386652361535
788,0.006278186493900494
789,0.00638277542587938
790,0.0057573539552168325
791,0.006089602009061787
792,0.006106116753702952
793,0.006346291234969335
794,0.00634288434057607
795,0.006163799020430168
796,0.006164224088286697
797,0.005906329239655475
798,0.006203849971594321
799,0.006101749381602947
800,0.006168397624929578
801,0.0060784611594468605
802,0.005957637003907081
803,0.006095423416423974
804,0.006223979293589748
805,0.005980914504014713
806,0.006015708237902214
807,0.006042604687844671
808,0.005951076834778286
809,0.006113402920348917
810,0.006301657202006396
811,0.006080963299609721
812,0.0059170770593050676
813,0.005989871964537365
814,0.0063415327863136335
815,0.006134659732628803
816,0.006094267451741054
817,0.006109133062852642
818,0.006468735497160736
819,0.006056257618307057
820,0.005771511311295553
821,0.00599881628788692
822,0.006398500491849194
823,0.005622548335310766
824,0.006164289805722438
825,0.005805205569555194
826,0.0061817591855997
827,0.005649079574603524
828,0.005903525672600431
829,0.005998040831616243
830,0.005984561764477294
831,0.006223009974237973
832,0.005913114402111683
833,0.005737426305994771
834,0.005812444260454405
835,0.00593931017782918
836,0.006446391298688191
837,0.005878093243987
838,0.005788338066757483
839,0.0063988938947381864
840,0.005814855010643349
841,0.005823015040023473
842,0.006141287928754937
843,0.005934998233234352
844,0.005958428065750306
845,0.005932464974664025
846,0.005871245383000854
847,0.006042836770667868
848,0.0057954118740981666
849,0.005809780403624399
850,0.005822105648911605
851,0.005878568735463008
852,0.005741871676360399
853,0.005889852235283134
854,0.005915285458085838
855,0.005775407797230755
856,0.005495512627175678
857,0.005712441330523056
858,0.005956487179639102
859,0.00593629501704758
860,0.006008734220196888
861,0.005705759025936536
862,0.005770853509479281
863,0.005835609031067688
864,0.006107541801549999
865,0.006157468595952427
866,0.006098229536723535
867,0.005731392263087554
868,0.006083639814139549
869,0.005663153849605282
870,0.005848078197262929
871,0.006047210742924678
872,0.005656248694522527
873,0.00588585807689292
874,0.005972863776782938
875,0.005575432081043847
876,0.005809556363324113
877,0.005846911990004829
878,0.005855556287392342
879,0.0056144383664921685
880,0.006076669097499196
881,0.006452057642814845
882,0.00573493361717753
883,0.006037940586901317
884,0.005888447489084328
885,0.006077839779841192
886,0.0057273986295528585
887,0.006118447433020604
888,0.005752415427843393
889,0.005806760171870306
890,0.005782450083643198
891,0.00620110615716963
892,0.005686685470548474
893,0.00579970230849586
894,0.006060354723358306
895,0.005732468798977591
896,0.005918639860021235
897,0.005756671796947465
898,0.006184728431389115
899,0.005972096887890691
900,0.006199311267710843
901,0.0058937843147097
902,0.005993374826591778
903,0.005882997267042934
904,0.005985637280253409
905,0.006169030995313394
906,0.005700593297290853
907,0.005651308225578297
908,0.00585828714025349
909,0.00602728980435532
910,0.005637855451530382
911,0.0058835132375075405
912,0.00557019176372027
913,0.005851960685735537
914,0.0058167683221084085
915,0.0057568589710804115
916,39.37189699843392
917,0.01199417464608737
918,0.0058561635501603836
919,0.005704399099636634
920,0.005958923708915837
921,0.005636301337567679
922,0.005781639440348214
923,0.005552641146666355
924,0.005832723170218958
925,0.005818378105286067
926,0.0057788039034753404
927,0.005827548815000613
928,0.0057486065986992445
929,0.005844251911739929
930,0.0057287633584780714
931,0.005991925807054139
932,0.00582103726801352
933,0.00583584748910961
934,0.006906354894577447
935,0.005638169568679217
936,0.005690357582722553
937,0.0061353111809309005
938,0.0055302757231155564
939,0.005646182565507874
940,0.005651279342739637
941,0.005402494957907346
942,0.0057262252440076255
943,0.005826605511513554
944,0.006055581153536184
945,0.005260582180630605
946,0.005745133440310167
947,0.0054933147986372145
948,0.005933759836637873
949,0.0052981008045470054
950,0.005641275809651588
951,0.0059231062936675495
952,0.005779014371524928
953,0.005566195945918433
954,0.005879998384674979
955,0.0055782490358609015
956,0.005495018503328754
957,0.005592636853827448
958,0.005563632908703412
959,0.0055457647195306875
960,0.00564394613641109
961,0.005681089429437357
962,0.005851721028023857
963,0.0057607281507166515
964,0.005639283298278007
965,0.005848058712495081
966,0.00565408727438268
967,0.005884448131467453
968,0.005647020323707138
969,0.005519687312544655
970,0.005670717347144954
971,0.0056362465611990474
972,0.005545898208442002
973,0.005972855272545021
974,0.005721485877598999
975,0.005611692302686684
976,0.005745627041274713
977,0.0056646773749488896
978,0.0059256057799557
979,0.0053879847469881685
980,0.005766348124055539
981,0.005543647002491911
982,0.0053741961107905
983,0.005658589512646451
984,0.005614393707404261
985,0.005713779126072966
986,0.005343401601332855
987,0.005486816339494692
988,0.0056307152371411606
989,0.0054249795256340405
990,0.005446793132666814
991,0.0053154062637585705
992,0.005659522787644133
993,0.0055447849385850765
994,0.005478008105656353
995,0.005490439559206746
996,0.0056283708052094076
997,0.005613608293677286
998,0.005738939527595826
999,0.00548168825344735
1000,0.0057219165235252705
1001,0.005375820892799835
1002,0.005481522944676927
1003,0.005765606100686779
1004,0.005669324343108525
1005,0.005415237666565483
1006,0.005830965817795466
1007,0.00558879147915138
1008,0.005595738470743773
1009,0.005744117342716999
1010,0.006009195658962353
1011,0.005896661076418487
1012,0.005609398109885722
1013,0.005714808310524134
1014,0.005588480916616144
1015,0.0056977044313483065
1016,0.005539675556928299
1017,0.005745066027946265
1018,0.005525268310428423
1019,0.005495229130216195
1020,0.005598691023759923
1021,0.0055258700533343825
1022,0.005657763001351159
1023,0.005637180131181317
1024,0.005651805313083075
1025,0.005511088547359963
1026,0.0058347676383426125
1027,0.005659435538306706
1028,0.005531947134394135
1029,0.0053263209114971935
1030,0.00566311048193819
1031,0.005384983938834551
1032,0.005499068089224146
1033,0.0055607181452846125
1034,0.005420319522904642
1035,0.005593702183262903
1036,0.0050753082239495245
1037,0.0054760962187991305
1038,0.005396332652939452
1039,0.005574823041462292
1040,0.005476016109272585
1041,0.0054758796349988655
1042,0.00528329996968288
1043,0.005580500860390711
1044,0.005702058883320729
1045,0.005651818598241751
1046,0.005372115675265254
1047,0.005509985966008093
1048,0.005220571017855683
1049,0.005701958432683121
1050,0.005473924329172883
1051,0.0055059801877902475
1052,0.005269902748434599
1053,0.0058130303563518546
1054,0.005241699105373316
1055,0.005670950233036557
1056,0.005647952962366832
1057,0.005310902441062538
1058,0.005410441897920002
1059,0.005574983558459681
1060,0.005669133224666624
1061,0.0049705642859561965
1062,0.00540940649610139
1063,0.005591791912408198
1064,0.005491438633525523
1065,0.005425423300840845
1066,0.005734817375492115
1067,0.005874117903442958
1068,0.005319378340727318
1069,0.005497129659673547
1070,0.006659204583275684
1071,0.005028318294118774
1072,0.005585473850645693
1073,0.00530854048665171
1074,0.005619063764273868
1075,0.005504290991604833
1076,0.005457006154139921
1077,0.0054811557746981664
1078,0.005343419564808956
1079,0.005637819347982058
1080,0.005308528878662924
1081,0.005466447945810475
1082,0.005706390289005713
1083,0.005677093858278151
1084,0.005473321228745883
1085,0.005690641551262746
1086,0.005198538930834097
1087,0.005533669542489668
1088,0.005659144681531115
1089,0.005728186782986178
1090,0.005104702035107224
1091,0.005650185622764215
1092,0.005106847786534009
1093,0.0056347520430019855
1094,0.005494878007793578
1095,0.005124764941174979
1096,0.0055354134025746736
1097,0.005265463707905452
1098,0.005154014117147584
1099,0.005490406045406047
1100,0.0052427681660184924
1101,0.005634529658167039
1102,0.0052717714452074245
1103,0.005245697338299794
1104,0.006306668520526235
1105,0.005270561893959924
1106,0.004982567560993198
1107,0.005262869668698286
1108,0.005154322253705902
1109,0.0054358795770617615
1110,0.0054435428247739705
1111,0.005575969879381295
1112,0.005203316639319567
1113,0.005499414172244526
1114,0.005302139591441443
1115,0.005191510975345085
1116,0.005078109297940855
1117,0.005353129486616512
1118,0.005154643699100589
1119,0.005189999772267321
1120,0.005352329326619915
1121,0.005402933397740757
1122,0.004987632595318354
1123,0.00528067961863984
1124,0.005315519249761256
1125,0.005764409455754873
1126,0.005148732949884893
1127,0.005223441156716544
1128,0.005528007736587424
1129,0.005419081801122402
1130,0.005385902470522323
1131,0.0054262984836063646
1132,0.005087731258107065
1133,0.005079046029881653
1134,0.0051107158967278014
1135,0.00517043895463033
1136,0.005382126070937868
1137,0.0052196770793979325
1138,0.0049475343163930255
1139,0.005321003863651116
1140,0.005040635560023583
1141,0.005451702500961848
1142,0.00523641926702112
1143,0.00548423852148008
1144,0.005192821795097158
1145,0.00548829881758508
1146,0.005194755328298247
1147,0.005295131166102522
1148,0.005166859164739312
1149,0.005194297749983242
1150,0.005142413402347178
1151,0.005014708851685084
1152,0.005300171621009644
1153,0.0054056847199671345
1154,0.00508811022450958
1155,0.005060905537378611
1156,0.005001497490457811
1157,0.004967134220967606
1158,0.005119406120946347
1159,0.005336134511014542
1160,0.005301181560429602
1161,0.005404063938501276
1162,0.0053620435340898265
1163,0.0050251858468735745
1164,0.005512852722905197
1165,0.005307211998408124
1166,0.00525109928448574
1167,0.005718965071521826
1168,0.005159665552220481
1169,0.00531466695148561
1170,0.004978059213884743
1171,0.005245910448385245
1172,0.004995339570795896
1173,0.005263607818791169
1174,0.004951658307464193
1175,0.005025026275997318
1176,0.00528661005191063
1177,0.005179377657487609
1178,0.00518314922780935
1179,0.0052946735966666525
1180,0.004911399097181857
1181,0.005218126129366899
1182,0.004991250696702529
1183,0.00526002028925439
1184,0.0053269418579984015
1185,0.005244104884233389
1186,0.005243082872149929
1187,0.005161874412590543
1188,0.005386123722774308
1189,0.005232695697301651
1190,0.00512878146117269
1191,0.005015483678523767
1192,0.004890482440606644
1193,0.005313282449713955
1194,0.005283546024317838
1195,0.005038560464804582
1196,0.005481810293207734
1197,0.005225889595872644
1198,0.005091803938631853
1199,0.005235155178155056
1200,0.005264306827685085
1201,0.005012474816008392
1202,0.005035340424895413
1203,0.005299671910213843
1204,0.004955759096369779
1205,0.005053194745846282
1206,0.005465003070855608
1207,0.005414351967944748
1208,0.0054021902299501885
1209,0.004938428791366138
1210,0.005226410745832501
1211,0.004861786367640026
1212,0.005261897548472793
1213,0.005119376371898767
1214,0.005247811477047281
1215,0.004767205985460304
1216,0.005267328495885861
1217,0.005197857577606278
1218,0.005063874258312507
1219,0.005145797430008839
1220,0.005145351388649542
1221,0.005323443993910263
1222,0.005309235467378177
1223,0.005093164503242884
1224,0.00504464713927611
1225,0.005016493176946701
1226,0.005399814803918855
1227,0.005140088311143977
1228,0.005319734956374613
1229,0.005034800275560405
1230,0.005399020722183257
1231,0.005119714814917011
1232,0.005463590285093602
1233,0.005207466552531252
1234,0.004962820445297886
1235,0.005224151528929755
1236,0.005259079675158581
1237,0.004988604807294905
1238,0.005264704366277714
1239,0.004966148036192723
1240,0.004918625983764749
1241,0.005234427955317296
1242,0.005326978055270925
1243,0.005327690856420766
1244,0.005134022151419925
1245,0.005041365107221497
1246,0.005103162405972953
1247,0.005049208937788982
1248,0.0049864421164522235
1249,0.004976610491304832
1250,0.005029540493200391
1251,0.0048497844530837764
1252,0.005189706835801066
1253,0.0050248645366390505
1254,0.004982595858795537
1255,0.005025227854059914
1256,0.0050273517272987605
1257,0.005125873856309612
1258,0.005094612329030189
1259,0.0052361722514664725
1260,0.005278911965433508
1261,0.0051302231070822326
1262,0.00483877873995294
1263,0.00505215888921866
1264,0.00508536270156629
1265,0.005409234838749645
1266,0.005056294292937648
1267,0.005007854279059664
1268,0.004922758260055177
1269,0.004796886976445251
1270,0.005017378457261534
1271,0.00507085337264116
1272,0.005192676673532795
1273,0.004983959597203944
1274,0.004803329368784897
1275,0.005166642213934812
1276,0.00493921459281533
1277,0.005237926796110252
1278,0.005148057404597748
1279,0.005347372052433379
1280,0.004964508310599663
1281,0.004886408829745852
1282,0.00487431295026662
1283,0.005099899285488715
1284,0.005022248025328489
1285,0.00482997236875975
1286,0.004770625057093547
1287,0.0051540387439210035
1288,0.004734169155106706
1289,0.004872958270548764
1290,0.004922938069439162
1291,0.00494515088434189
1292,0.0049462491198506015
1293,0.005057393201287457
1294,0.004730772152069514
1295,0.005113933113072131
1296,0.005054657801322766
1297,0.00496216461267638
1298,0.00474235900851377
1299,0.005090699900115319
1300,0.005373462113172953
1301,0.004834106951652063
1302,0.00480609107367947
1303,0.004960129835634982
1304,0.005095483658251242
1305,0.005308673276084522
1306,0.004903896713739861
1307,0.004989122914671266
1308,0.00533484862288618
1309,0.004916008594406421
1310,0.005128633903765703
1311,0.005210997848534736
1312,0.004762557087568724
1313,0.0049121135774747296
1314,0.005116142158917451
1315,0.004700839798700191
1316,0.00481185948444625
1317,0.005394004191611341
1318,0.005079209759152668
1319,0.004970945115990432
1320,0.005105024988968241
1321,0.004726134824677039
1322,0.004933444386490194
1323,0.005022819309842662
1324,0.004972474621924556
1325,0.004838303808848989
1326,0.00501771824201569
1327,0.004898930096730463
1328,0.005109925207808235
1329,0.004953842645637312
1330,0.0050840145835289886
1331,0.004672879988517044
1332,0.004830351109237616
1333,0.004820195450921053
1334,0.005132014739871719
1335,0.004635598082332161
1336,0.004946718522213336
1337,0.0050285342879498665
1338,0.004661860533445379
1339,0.004850820177510949
1340,0.004947859801794008
1341,0.004918218396951334
1342,0.004914033332231881
1343,0.004389192850794643
1344,0.00495832192640499
1345,0.004918946837217121
1346,0.005104825707641825
1347,0.005013749044846302
1348,0.0049752931868247054
1349,0.004703287075676213
1350,0.004773234114863799
1351,0.004925527911775319
1352,0.004650926937633273
1353,0.004712402420039526
1354,0.004953921329569451
1355,0.004835142578408754
1356,0.004770333818515163
1357,0.004885828588157892
1358,0.004547178273689065
1359,0.0049963579404609815
1360,0.004859135343132825
1361,0.004811249240262086
1362,0.004629078307346899
1363,0.0049334307323541425
1364,0.004842574589775275
1365,0.004621703456889965
1366,0.004737496682861031
1367,0.004791631939489458
1368,0.005143940582934578
1369,0.004748479417777794
1370,0.004788833881444219
1371,0.004638447286166503
1372,0.004962894877111066
1373,0.004588324948553375
1374,0.00468390100730299
1375,0.00484201885459913
1376,0.00488084268172161
1377,0.004744860649471945
1378,0.004675453980611164
1379,0.0045801470632333375
1380,0.004783259092048757
1381,0.004718761073259668
1382,0.004772428740841984
1383,0.004548306470358018
1384,0.005002074740763943
1385,0.004819002256026271
1386,0.0048261372988128055
1387,0.005079372845179701
1388,0.004569253994751785
1389,0.004753418566690663
1390,0.004578073110463003
1391,0.004637340355025194
1392,0.004927907425168333
1393,0.004697687363536176
1394,0.0046617207729052436
1395,0.00484742521371503
1396,0.004689928895983277
1397,0.004944098049822121
1398,0.00486993767869643
1399,0.004480583329834991
1400,0.004816909257511971
1401,0.005007366969455349
1402,0.00473777810308956
1403,0.004687252288715819
1404,0.004875263403430265
1405,0.004811247943908418
1406,0.004584844701655082
1407,0.004572221650189515
1408,0.004674118063491532
1409,0.004705694600766115
1410,0.00448192018321005
1411,0.0048807629273604535
1412,0.004467755048022748
1413,0.0046746370429962365
1414,0.00488182711138753
1415,0.004756684758368943
1416,0.004486352303933541
1417,0.00457751690765243
1418,0.004637423461752991
1419,0.004504364247283883
1420,0.00453569287023807
1421,0.004874174315403453
1422,0.004586352453709154
1423,0.0047834808435054275
1424,0.004748557390392584
1425,0.004945827843384596
1426,0.004713524446696422
1427,0.0045504818721753305
1428,0.004463373006605622
1429,0.004829751969891269
1430,0.004804155308855855
1431,0.004694011447146156
1432,0.004914313611984885
1433,0.004853547090009423
1434,0.004772499988992083
1435,0.004650651340143976
1436,0.004758161296318206
1437,0.004814147164895184
1438,0.004863389732189856
1439,0.004886692626622773
1440,0.004750861497240741
1441,0.004503630824836949
1442,0.004692329561448325
1443,0.004713379506661035
1444,0.004754102940797427
1445,0.004638850787591378
1446,0.0046612066483140875
1447,0.0048054492138562945
1448,0.004357490265323638
1449,0.004565639139184633
1450,0.004602257418840871
1451,0.0046596878170730325
1452,0.00450732702215723
1453,0.004608946305825927
1454,0.004882483146255993
1455,0.004679390735395442
1456,0.004546994299004328
1457,0.00457808920340139
1458,0.00465998595375252
1459,0.004476955364718717
1460,0.004443472237484056
1461,0.004590718545240618
1462,0.004653462910259111
1463,0.004672771959044671
1464,0.004705122573364337
1465,0.00435741756987458
1466,0.004689407017934373
1467,0.004615997830484757
1468,0.004582974212283616
1469,0.004479646430177204
1470,0.0047876278936894515
1471,0.004536692960724487
1472,0.004539080709021665
1473,0.0046320077864516335
1474,0.004446846935148272
1475,0.004530351814198292
1476,0.0044845124308051446
1477,0.004744935857716127
1478,0.004794384137790461
1479,0.0046414950333725094
1480,0.004833625592054578
1481,0.004720004798323548
1482,0.0044923705814437845
1483,0.004687914657367046
1484,0.00454564066998408
1485,0.004635584423263258
1486,0.004735628535607987
1487,0.004818449681822084
1488,0.004667243087601106
1489,0.004683774375056816
1490,0.004871488430426787
1491,0.0045149352478447485
1492,0.004616033538418301
1493,0.004360341992805381
1494,0.004782141081720464
1495,0.00476120109275236
1496,0.004484323172048681
1497,0.004456060703733336
1498,0.0046030655148107625
1499,0.004355779499746859
1500,0.004676494518515922
1501,0.004451964643460272
1502,0.0046880929720966875
1503,0.004457423727864684
1504,0.004318656215357389
1505,0.004551820900938395
1506,0.004508016195929594
1507,0.004579210292816289
1508,0.004561686997846463
1509,0.004506016033701599
1510,0.004811953699958148
1511,0.004714177634322352
1512,0.004477664386316881
1513,0.004740399462407676
1514,0.004517468169994526
1515,0.00464815466854153
1516,0.004411721237051159
1517,0.00476757239479319
1518,0.00454649662843637
1519,0.004313190014819788
1520,0.0045113333666665575
1521,0.0043556671688270016
1522,0.004592103686309972
1523,0.004640981721715465
1524,0.004354185399094249
1525,0.004674049561953772
1526,0.004150253941573329
1527,0.004471963106741403
1528,0.004414067350099084
1529,0.004317103008052998
1530,0.004729009426782949
1531,0.004648361380717133
1532,0.004440283425491682
1533,0.004399441253646451
1534,0.004495987068798582
1535,0.004165126811870832
1536,0.004451123065259939
1537,0.004426129042936521
1538,0.004501257415355767
1539,0.004433978751491187
1540,0.004572266969293103
1541,0.0041797571416975834
1542,0.004617801622755952
1543,0.004174634165098986
1544,0.004398375601602434
1545,0.004513331427499336
1546,0.0046134521213944185
1547,0.004567725439871646
1548,0.004508105849539388
1549,0.00454297390671731
1550,0.004386953236061638
1551,0.004349458006692072
1552,0.004322386628916582
1553,0.004503113443576494
1554,0.004248807902282136
1555,0.004312545066044303
1556,0.004541862555740054
1557,0.004541783687319227
1558,0.004604767996154852
1559,0.004063329558772177
1560,0.004523372553857201
1561,0.00454797784766277
1562,0.0044665254171053735
1563,0.00442715278645125
1564,0.0042678265264099935
1565,0.004441116737217595
1566,0.004278615259139215
1567,0.004040129548846349
1568,0.004294864377559368
1569,0.004501619723514985
1570,0.0043722080516676275
1571,0.004251653550516309
1572,0.0047876395963890065
1573,0.004314488511319446
1574,0.004480190429110396
1575,0.004546396656285466
1576,0.004455371086990808
1577,0.004335005533826238
1578,0.004288884448045391
1579,0.004559341715490919
1580,0.0043250409909918654
1581,0.004301728191390886
1582,0.004575965482094404
1583,0.0044694948365312
1584,0.004427233077506772
1585,0.004543553320572601
1586,0.00416883383088319
1587,0.004336177057712891
1588,0.004644459045405294
1589,0.004608245779586546
1590,0.004241500239251024
1591,0.004263592194331715
1592,0.00413929576831633
1593,0.004495326021165287
1594,0.004325759125541959
1595,0.004350675061794976
1596,0.0041202523112218135
1597,0.004498161920109543
1598,0.00430944995062773
1599,0.004019177328376889
1600,0.004381312451017547
1601,0.0042690567778802275
1602,0.004444266333031642
1603,0.00421583714847595
1604,0.0041895087549889114
1605,0.004072238859854702
1606,0.004361053169073569
1607,0.004574316165062709
1608,0.004215114104750929
1609,0.004250320365210458
1610,0.0041751012519807
1611,0.004473148000631797
1612,0.0045773440141278175
1613,0.004133871687434109
1614,0.004245380014654691
1615,0.004199471755813555
1616,0.004053395647966003
1617,0.004303618937028351
1618,0.004318159111080912
1619,0.004116144135862716
1620,0.004450747720557817
1621,0.004402657908632152
1622,0.004333094626633545
1623,0.004381503455017267
1624,0.004525926676420968
1625,0.004415093450530795
1626,0.004231003091386441
1627,0.0042208534294455235
1628,0.004300033433907428
1629,0.004285398712855274
1630,0.0040750549464896955
1631,0.004494299296234435
1632,0.004096507727192178
1633,0.004181285330560058
1634,0.004029381179676975
1635,0.004576702833065163
1636,0.004263670041652049
1637,0.004267268613872702
1638,0.004409526417552793
1639,0.004523013856546101
1640,0.004156639356505505
1641,0.00427939090088515
1642,0.004428459576062731
1643,0.004451023077323906
1644,0.00440669632260293
1645,0.004462807437294494
1646,0.004161586291432949
1647,0.004197875638610794
1648,0.004377034918002595
1649,0.004279888962135035
1650,0.004193361072161756
1651,0.003996411054316214
1652,0.004349502901570335
1653,0.004213887825213625
1654,0.004335282941672446
1655,0.004404190363425572
1656,0.003997752673813473
1657,0.004166841980511859
1658,0.004108458973459458
1659,0.004215380323900826
1660,0.004062551932046347
1661,0.004078880933081826
1662,0.003973909097297465
1663,0.004316484760808743
1664,0.0042140470744678905
1665,0.004491426989878133
1666,0.0041892976762521695
1667,0.004000568482235579
1668,0.004377374008211102
1669,0.004109557718038559
1670,0.004244258108359399
1671,0.00377756515044277
1672,0.004288715651748165
1673,0.004201491612948919
1674,0.004086343599167668
1675,0.0040980295516882025
1676,0.004039187306909175
1677,0.004332249736515963
1678,0.00404388204481358
1679,0.004219447195498368
1680,0.004017080635155977
1681,0.00421120517816142
1682,0.0038539865744789525
1683,0.003722788274714376
1684,0.003971229266904105
1685,0.004142265145319624
1686,0.004164921641704958
1687,0.004189819478335143
1688,0.004158040610244655
1689,0.004366734601809817
1690,0.004068146533751071
1691,0.004184279317565073
1692,0.004279227433055323
1693,0.004056804471104643
1694,0.004015621253668125
1695,0.004078472597461383
1696,0.004362313106450868
1697,0.0040609795921797845
1698,0.004087401745383138
1699,0.004096468304820611
1700,0.004190805330635759
1701,0.0040852752458935574
1702,0.004091217782411535
1703,0.004150303006685197
1704,0.004355525418374119
1705,0.004185187923366804
1706,0.003971909746030441
1707,0.004085514348166032
1708,0.004083248362402921
1709,0.0040495945870781605
1710,0.004214466687575993
1711,0.004097099868793798
1712,0.0039803192564049515
1713,0.003775097827340271
1714,0.004208754852682479
1715,0.0038590118421194287
1716,0.0038585323372745286
1717,0.004033295148628433
1718,0.004149403203065681
1719,0.004187223665274175
1720,0.004074052131095491
1721,0.0036252442011372897
1722,0.004075787776007743
1723,0.0040574134386665486
1724,0.0042006567108713215
1725,0.004007469759109604
1726,0.00380787440236279
1727,0.004078474960297788
1728,0.004059121782212692
1729,0.003998034223282741
1730,0.004078939959596274
1731,0.003945259348749799
1732,0.004175631251478158
1733,0.003951587543578155
1734,0.0037671712915791924
1735,0.004003397206838985
1736,0.003943935038632382
1737,0.003772239396111819
1738,0.004000195642436018
1739,0.0038884173697886705
1740,0.004098602545929094
1741,0.004001664125036953
1742,0.004049050175758489
1743,0.0040552924669316134
1744,0.0039114983499807824
1745,0.003949496559640866
1746,0.003966083544922077
1747,0.003966493610987219
1748,0.004186561326220063
1749,0.004031689295947741
1750,0.003695283802344574
1751,0.00403934953067357
1752,0.00394596356377637
1753,0.0040793512746597
1754,0.0042093977849078125
1755,0.003838172438949094
1756,0.0038517470929329677
1757,0.004064268260894312
1758,0.003890623528928638
1759,0.0041480693794487015
1760,0.004187316589365255
1761,0.003964474714771545
1762,0.00398383849257035
1763,0.0039621674508977115
1764,0.003637663022638693
1765,0.003961346062863151
1766,0.0037485396319810868
1767,0.0036752839766095503
1768,0.0038354604670746348
1769,0.003921846285959611
1770,0.004044128864040693
1771,0.0037333219690974485
1772,0.0038153969818899816
1773,0.0038225671071243487
1774,0.003907473183679
1775,0.003943603383219343
1776,0.0036463147696202338
1777,0.004071961232989837
1778,0.004071749299883022
1779,0.0040450254622925765
1780,0.00385288920221945
1781,0.003864809313307564
1782,0.0037464384094149
1783,0.003853542181679
1784,0.003710828671208188
1785,0.0038230993658683056
1786,0.0038439201060840385
1787,0.0038220233952831794
1788,0.003847997742152568
1789,0.0037957016996234276
1790,0.003788923987747817
1791,0.0037003275297061242
1792,0.0036966411467894153
1793,0.003970817697305485
1794,0.0038454168026288184
1795,0.0036487432741323265
1796,0.003791236628431006
1797,0.0036560637379159868
1798,0.0038556621717762644
1799,0.003777326674642578
1800,0.0037039948057114953
1801,0.0038355752693536548
1802,0.0036111303755097975
1803,0.0038416200352958956
1804,0.003805646466651647
1805,0.003979874241078998
1806,0.0039273077618109725
1807,0.00392649120994512
1808,0.0038462960905142887
1809,0.0035237290539336785
1810,0.003767898974158817
1811,0.003592730783936331
1812,0.003899228358562341
1813,0.0036176288208403327
1814,0.003970500860181716
1815,0.003916903402877308
1816,0.0038814050642678797
1817,0.0037221962939237513
1818,0.0036908042344848736
1819,0.003843709471304033
1820,0.003808042668871645
1821,0.00352794910047077
1822,0.003962820606953386
1823,0.003566362945386603
1824,0.003709131312138259
1825,0.0038438102149530866
1826,0.0037393807768979566
1827,0.003832336100828597
1828,0.003944588382136456
1829,0.003507484175793637
1830,0.003522519808523041
1831,0.0034876745529630678
1832,0.003761124449892569
1833,0.003702429516864467
1834,0.003619471165327892
1835,0.003650406161441578
1836,0.00392445277667336
1837,0.003887899143037276
1838,0.0035998083461644286
1839,0.003582609251094193
1840,0.0037635536193531952
1841,0.003605604295074245
1842,0.003704100693339261
1843,0.003618920397534335
1844,0.003529609013269892
1845,0.0037226604309595996
1846,0.0036110292826147783
1847,0.003740128084338444
1848,0.0036238913248703517
1849,0.0035740831951705456
1850,0.0036622930665389966
1851,0.003639309450991894
1852,0.00349881563935492
1853,0.003692168241240463
1854,0.0036856079921994546
1855,0.003716525803241184
1856,0.0035496598456875752
1857,0.0035663450332121703
1858,0.0035081819514743984
1859,0.003713676758244697
1860,0.003558578875342037
1861,0.003512180626384472
1862,0.003632589869824696
1863,0.0035744150922933627
1864,0.0033784092303318115
1865,0.003760418065397416
1866,0.0037443365268330325
1867,0.003653781308981953
1868,0.0037232700802417376
1869,0.0036337167148920314
1870,0.003493470355860447
1871,0.0036091780728044905
1872,0.003595342385085394
1873,0.003490727158042334
1874,0.003684565765285959
1875,0.0036719767879931477
1876,0.0034764805045057784
1877,0.00343394470578691
1878,0.0036051205923717656
1879,0.003464440307066918
1880,0.0036002565905357063
1881,0.0035728143480748442
1882,0.0035338029916540292
1883,0.0032402277643934396
1884,0.0036215907588238055
1885,0.003717351283570278
1886,0.003543400886405449
1887,0.0034370532444820312
1888,0.003515317757866519
1889,0.003435092929837499
1890,0.0035079442994605937
1891,0.0036024647257764334
1892,0.0035217526261260637
1893,0.0036391112548930537
1894,0.0036997231309523143
1895,0.003378898934342788
1896,0.003595571568377821
1897,0.00353324193886276
1898,0.0033761887540804
1899,0.0035576159578463917
1900,0.003439274687572556
1901,0.0032312781244153315
1902,0.0035577010110778326
1903,0.003608678331425003
1904,0.003385236771911446
1905,0.003417854906667529
1906,0.0034696454630170205
1907,0.00360094975695898
1908,0.003092691007314913
1909,0.0033117061198720613
1910,0.0033921068494792207
1911,0.0033784691625180006
1912,0.0031451147130564234
1913,0.003376330727498221
1914,0.003014994970664887
1915,0.0034917873139019614
1916,0.0034961475106745454
1917,0.003252440544587197
1918,0.0034374834839412467
1919,0.003311634561938818
1920,0.0032035112943326646
1921,0.0032464537297975334
1922,0.0034227006352443435
1923,0.0032773501480440215
1924,0.003371324645201439
1925,0.003202985227305316
1926,0.003238564769548001
1927,0.0034139035664246245
1928,0.003204204383803437
1929,0.0032641115989062493
1930,0.0032561852486204293
1931,0.003364963232050255
1932,0.0032083292677209285
1933,0.003270240885331848
1934,0.0033758427243348274
1935,0.003224212451348618
1936,0.0032718415368127368
1937,0.003095092447237822
1938,0.0033112958633988087
1939,0.0032108335201312802
1940,0.003201224595521403
1941,0.003174926580513938
1942,0.003186585745671606
1943,0.0030264947425289934
1944,0.0032879243293082562
1945,0.0030887323338933035
1946,0.00313617709542672
1947,0.0030618186761877672
1948,0.00315705454371617
1949,0.0032923238724864765
1950,0.003327555965308605
1951,0.003097950013243925
1952,0.0029837633492977565
1953,0.0033090235655574853
1954,0.0031797767013027256
1955,0.003090561844084917
1956,0.003189515149796981
1957,0.0031887370564232945
1958,0.003123758121993456
1959,0.00312699227578054
1960,0.003141596394401612
1961,0.002965798320335541
1962,0.003188157087622084
1963,0.003000675206333083
1964,0.0030004990571257423
1965,0.0030121204958265743
1966,0.0030715885055172493
1967,0.00303711978545002
1968,0.0029582848310691573
1969,0.0030646672466438326
1970,0.003131806047364943
1971,0.002905906229358861
1972,0.0028126764010590645
1973,0.002984916499294972
1974,0.003025083910176625
1975,0.0029776266852977796
1976,0.0029834075179740282
1977,0.0030883928352445997
1978,0.003128941165938405
1979,0.0028864254995438635
1980,0.002962791304680187
1981,0.002848579172415943
1982,0.002991293648739298
1983,0.0029615790837728495
1984,0.00278332293175666
1985,0.0029045949646634823
1986,0.0028179944917101855
1987,0.0028258973606309647
1988,0.0027544790133044628
1989,0.00287612159519409
1990,0.0028939647136366595
1991,0.002867152763459579
1992,0.002755121485787933
1993,0.002659372180321459
1994,0.0027462171353162977
1995,0.002593678308816595
1996,0.0026089739887106976
1997,0.0026128237674375838
1998,0.0027560938526560567
1999,0.0027565096654945005
2000,0.002578043494318312
