1,0.5111625943396051
2,0.1607360741975954
3,0.1138328698353242
4,0.0933255108104924
5,0.0846504987359552
6,0.07289508698602855
7,0.07031744263939939
8,0.06224901798986277
9,0.056992178861746345
10,0.05324923264462564
11,0.05151731396188675
12,0.04913554866245742
13,0.04544269593464116
14,0.04378325970433021
15,0.04043279938652354
16,0.04046498939900075
17,0.037155665772951256
18,0.03762704189235376
19,0.035483294150839416
20,0.034964361480610856
21,0.032600007319854477
22,0.030569907498814292
23,0.0324130850938796
24,0.02940110795957557
25,0.030396168104420276
26,0.028329802882242
27,0.02809786095710124
28,0.026614380692589586
29,0.025777475245423235
30,0.02520521899874685
31,0.025859888445712246
32,0.025129946998431015
33,0.026336775263929267
34,0.02451474778354168
35,0.02292903393538574
36,0.023286290869306205
37,0.02245714801947697
38,0.022829815216551898
39,0.022010351310215764
40,0.021468429936695906
41,0.021910255830103562
1,0.5560877233491106
2,0.16933931454511011
3,0.1145814560606318
4,0.08640191293621467
5,0.07941336816145202
6,0.07026747674128767
7,0.06824936746161873
8,0.05904260244599338
9,0.060184983820733375
10,0.05706483190405672
11,0.05077965721740561
12,0.048892281128693434
13,0.049183740217428086
14,0.04600886094494391
15,0.044642332388814224
16,0.041469095132739865
17,0.03934286032819142
18,0.03768255943590301
19,0.037395236713780186
20,0.03470981728790675
21,0.0346510808567627
22,0.031885642510980874
23,0.030738761774816756
24,0.030756259510704015
25,0.03080832651989945
26,0.028723662584956924
27,0.027005281559807266
28,0.027301050541070054
29,0.026923002612035153
30,0.02620869511896271
31,0.026076588298241467
32,0.024928355786823116
33,0.02460385499900933
34,0.025012916830068423
35,0.023474327414849047
36,0.023823624224228374
37,0.02274487662460592
38,0.02207428760731877
39,0.021745485506194123
40,0.02142419491626196
41,0.02157012737056209
42,0.020863474330912204
43,0.021387208979261125
44,0.020311422867037483
45,0.020941850745071797
46,0.019890687420522257
47,0.02038681121953463
48,0.01970202016438973
49,0.019725745401771393
50,0.019891761772145154
51,0.019171118531060422
52,0.01958540309283693
53,0.018474074633065926
54,0.01849560013388173
55,0.01809957257266772
56,0.01808476566447545
57,0.018384811618381132
58,0.018244908285974446
59,0.017297057391507394
60,0.017147123932017613
61,0.01732602613283542
62,0.016563116493871658
63,0.017044907696229423
64,0.01678411647977339
65,0.01778606175429235
66,0.01676791907146068
67,0.016605032544772504
68,0.016804587972050502
69,0.016554793998030788
70,0.016946995117843658
71,0.016639157802150664
72,0.016517641977801666
73,0.015333187403315204
74,0.01625023725426803
75,0.01617459673829124
76,0.016124279451382867
77,0.015040080966743625
78,0.015522555771710004
79,0.014889303579042524
80,0.01519454431609582
81,0.01504299662596846
82,0.014676541705631603
83,0.014377481012084222
84,0.014322301881956094
85,0.01418188641684414
86,0.014803956002312697
87,0.014629074344727195
88,0.014324154428569442
89,0.014792213220370271
90,0.01452282254615704
91,0.01361532865676208
92,0.014205480120697264
93,0.014141336908185129
94,0.014120015193376753
95,0.014147842902753312
96,0.014598533680851934
97,0.014320478928512183
98,0.014257091125157677
99,0.013477739854321137
100,0.014342574086987366
101,0.01309985324140575
102,0.014145631256308092
103,0.013748366401483447
104,0.013515407586533386
105,0.013130733372359458
106,0.01382323722276142
107,0.013388714295322611
108,0.013818712865586504
109,0.013334229789768993
110,0.012699350726522379
111,0.012853508606016383
112,0.012683810196595929
113,0.01281782987495979
114,0.0130965530998626
115,0.012611748847984156
116,0.012949485268633244
117,0.012638623881453679
118,0.012542741953284812
119,0.013219119314009608
120,0.013131281755612059
121,0.012347505171388641
122,0.01232062331085109
123,0.01233493602219022
124,0.012415219232503135
125,0.012838627819476997
126,0.01218350202445004
127,0.012934710680491339
128,0.01260588270359499
129,0.0121056011570144
130,0.012373968382697489
131,0.012317195783321888
132,0.01172822164529461
133,0.011768505367908185
134,0.012207671451398124
135,0.012102210771892283
136,0.012305803143150978
137,0.011946173471603858
138,0.012183777924816487
139,0.011572368356194032
140,0.011449054234771657
141,0.012231880625299478
142,0.011677957514806067
143,0.011338396956828438
144,0.011417864525880096
145,0.011644089160392345
146,0.011877317285417752
147,0.011240211544337414
148,0.011630269319955575
149,0.011686133864035799
150,0.011510740507836058
151,0.01136870500710556
152,0.011185579234734178
153,0.010895632653323523
154,0.011185084820835519
155,0.011298627146693357
156,0.01124901466971358
157,0.011100174421128832
158,0.011217441709743719
159,0.011346844206485202
160,0.011098140945373956
161,0.011121750868446493
162,0.011009057589127855
163,0.011185078581763526
164,0.011278855156595423
165,0.011367311890600092
166,0.010889544806806213
167,0.011148076407785007
168,0.010819178990135759
169,0.010741512677869049
170,0.010949495552360253
171,0.011800730952172208
172,0.011310069543562071
173,0.010573536737711501
174,0.011130564048949439
175,0.010563388251762647
176,0.010380735242013203
177,0.010744448315146995
178,0.010610758117794737
179,0.0108788437959817
180,0.010388559006722801
181,0.010738059168018527
182,0.010517780305975574
183,0.010446790065142816
184,0.01049292199234715
185,0.01037804881442275
186,0.010338521294169506
187,0.01024914545133331
188,0.010317020414207699
189,0.010427729747558043
190,0.010931515561069473
191,0.010622761575347287
192,0.010329335880607872
193,0.010569382064297037
194,0.010292348560435162
195,0.010117645655616613
196,0.010939030541043919
197,0.009972207672436232
198,0.009985291057708278
199,0.010026367582475482
200,0.01003362660067377
201,0.010096945381581278
202,0.010436141464890818
203,0.009842540023027587
204,0.01040612804403497
205,0.009939936530318553
206,0.010071930475533009
207,0.010153542667374773
208,0.010473004021381929
209,0.009843997175852626
210,0.01008899700512194
211,0.010004566994227342
212,0.009366764503499587
213,0.009829061749091341
214,0.009658341061213386
215,0.010063557408087082
216,0.010030067103551858
217,0.009921345090240999
218,0.009657863346007416
219,0.009737396646306802
220,0.009933554462820165
221,0.009811030882331779
222,0.009738302323967218
223,0.009422120279080029
224,0.00978234633250888
225,0.009568993195544108
226,0.009844268632705435
227,0.009529246676365956
228,0.009426751600231155
229,0.009845653902028956
230,0.009761206663639868
231,0.009587953068410694
232,0.010052962082643377
233,0.009730983245328574
234,0.009393142757274337
235,0.00972851858695306
236,0.009916176463051115
237,0.009306956899462867
238,0.009475872342837817
239,0.009288219237794815
240,0.009341563327016971
241,0.009659546942418535
242,0.00941045903916455
243,0.009502351881888837
244,0.009088484057367353
245,0.009567602876952644
246,0.009678501552917947
247,0.009354996968502715
248,0.009386166918359824
249,0.009200491835915689
250,0.009084998586578137
251,0.009738260686744825
252,0.009413762850750048
253,0.009204378955350336
254,0.009296006925593493
255,0.009707155811079478
256,0.00936749515565649
257,0.008928356194963395
258,0.009206242026698034
259,0.009174524916935775
260,0.009247110619888468
261,0.00925720402955125
262,0.008413057667755727
263,0.009507594324285322
264,0.008722815058841291
265,0.008936650305197148
266,0.008844957623820184
267,0.009293793716420562
268,0.009253387061200278
269,0.00898799620829207
270,0.009018820955149703
271,0.009113264895612531
272,0.009041657663439796
273,0.00899522879823916
274,0.009418417356308486
275,0.00884057016317117
276,0.009249006907092565
277,0.008859907008581242
278,0.008921743143681373
279,0.00890626129694283
280,0.008934975424150036
281,0.00888130223670564
282,0.008804805624156685
283,0.008985515249798359
284,0.009035829083709899
285,0.008866579267906688
286,0.008965537265748164
287,0.00918009677523021
288,0.008662203784590051
289,0.008808988249087232
290,0.00851333325420964
291,0.009030019473758037
292,0.008972081399159663
293,0.008757374880803843
294,0.008792882357029465
295,0.009165380333581845
296,0.008651118163193056
297,0.00840391062389491
298,0.008903415832210774
299,0.008741729999339934
300,0.008796941907287149
301,0.008583485056109473
302,0.008433916495513108
303,0.009123814361312
304,0.008843536660375104
305,0.008567742381828948
306,0.008502826228800971
307,0.008440655241799305
308,0.00843072383490912
309,0.008129703388075834
310,0.008660693909436211
311,0.00873904213727594
312,0.008383117602364617
313,0.00840776526937419
314,0.008705411980449522
315,0.008428128818997134
316,0.00868340628221631
317,0.008121286797084673
318,0.008697866481902489
319,0.008492182415389156
320,0.008190064128661939
321,0.008270298697101741
322,0.00878522067993753
323,0.008177707307198542
324,0.008644660141603169
325,0.008430770803558625
326,0.008226938944278379
327,0.008292731619834647
328,0.00902038874791272
329,0.008292160567164548
330,0.00862694930253645
331,0.008177416385309296
332,0.008331666473630752
333,0.008459428542340964
334,0.008336301022840633
335,0.00815881115889524
336,0.008155009835579638
337,0.008587687104640498
338,0.008694408986307049
339,0.008374790611708443
340,0.007952868184706165
341,0.00827462011474674
342,0.00848336678819131
343,0.007943292258907173
344,0.008621467782531754
345,0.00791380103772222
346,0.007889392450294
347,0.008192125765085852
348,0.008150410362898167
349,0.008292868861660235
350,0.008344807450943705
351,0.008088158285718853
352,0.008374327852911615
353,0.007830449971922879
354,0.008449546797437814
355,0.008423121184331634
356,0.00796336324696066
357,0.008014839280680832
358,0.0075510909398070584
359,0.008393840996501178
360,0.008221160393539753
361,0.00792819424729668
362,0.007922651044929684
363,0.007863452405495158
364,0.008157036172510203
365,0.008274157863047164
366,0.0077656636890655354
367,0.008095552805432324
368,0.007856101634265002
369,0.008157074475124225
370,0.007803327283601009
371,0.007796667291293457
372,0.007827595543211042
373,0.007709019896337542
374,0.008238952370139501
375,0.007889587822828
376,0.008235702875180769
377,0.007916374349082678
378,0.008085717121533796
379,0.00794150244436716
380,0.007840962352436351
381,0.0075939157267369455
382,0.007815121544793375
383,0.007816916272454595
384,0.007749692639493841
385,0.007969551106078266
386,0.007823962155903169
387,0.007592872588232286
388,0.008053030564165595
389,0.007609581401161218
390,0.007485273905824554
391,0.007769324066969803
392,0.007800695612647776
393,0.008024510207301858
394,0.007511508295912359
395,0.007856912186795498
396,0.007748608295884678
397,0.007959618870468841
398,0.007332503022152489
399,0.007617547636520181
400,0.007680334521741685
401,0.007820885060197217
402,0.007600347785736924
403,0.007873948030094852
404,0.007494817481976066
405,0.00721643138203328
406,0.0076402323320508
407,0.007692838985457132
408,0.0073105810600790685
409,0.008073723602692708
410,0.007265467171052123
411,0.007667443766337582
412,0.007399096299688947
413,0.007873851886824152
414,0.007622288650501583
415,0.00805375256212586
416,0.007463351414949334
417,0.007479094341791914
418,0.007492007237811715
419,0.007330916993619906
420,0.007634090626675446
421,0.0077786175613054785
422,0.007958082928148619
423,0.0076646909109806104
424,0.007848131507871893
425,0.007719833247947617
426,0.007547837863597325
427,0.00771217397808776
428,0.007765582662028403
429,0.007586915290646128
430,0.007709319320491562
431,0.007706571895218754
432,0.007624834460222115
433,0.007674306934951978
434,0.007354728694042286
435,0.007452082429554755
436,0.007529434396774839
437,0.007794164866998287
438,0.007014265118198374
439,0.007518376947885727
440,0.007309805224965311
441,0.007669687425023166
442,0.0071359580003861655
443,0.007603202291401261
444,0.007580678606153292
445,0.007371539741328334
446,0.007876257041185084
447,0.007097987990857938
448,0.00748231808528683
449,0.007502024085655556
450,0.0072828586651328
451,0.007078023057162635
452,0.007301201009965044
453,0.007380562013614986
454,0.007545585090973241
455,0.007529648745006298
456,0.0073585751845296156
457,0.007410363917696779
458,0.007399366351665329
459,0.007538658698973388
460,0.007062849843227383
461,0.007350964177699791
462,0.007593953463059487
463,0.007553369138326685
464,0.007380797677689185
465,0.007465369387734997
466,0.007120648898200085
467,0.007355151102104682
468,0.00755124605829054
469,0.007145691408491615
470,0.007661006476540687
471,0.007286353287350197
472,0.007193355866455299
473,0.007757197712327086
474,0.0073049523871613
475,0.007244023983761416
476,0.007929329539380841
477,0.0074728939788794874
478,0.007160598151701487
479,0.00702414576406196
480,0.007621019806365593
481,0.006628916352213818
482,0.0073411875361008416
483,0.007243407996750231
484,0.007082600748340078
485,0.007718576351180673
486,0.0074424952193621104
487,0.007023317865648512
488,0.007229138791198068
489,0.0071785400929403
490,0.007661854443771733
491,0.007098818215604682
492,0.007163893601115225
493,0.0072730475705180125
494,0.007424850583123832
495,0.007219165944399596
496,0.00737110413887175
497,0.007430225377902389
498,0.007066503834074079
499,0.007072020915999882
500,0.006891030186818818
501,0.0071274445459278205
502,0.007352616085465682
503,0.006737599143426929
504,0.007230300693062402
505,0.006608462669507806
506,0.007051859921144353
507,0.006875273980736985
508,0.006978304229945071
509,0.0073469706230907365
510,0.0070257093421956995
511,0.007331855496454795
512,0.0071919888072505085
513,0.007322149297964396
514,0.007335102744005873
515,0.0070561823963929534
516,0.006668954902186485
517,0.007042032037072389
518,0.007575145354336601
519,0.0071777059337503075
520,0.007130896423990696
521,0.007111307531516305
522,0.00680448717863883
523,0.0070263522704747524
524,0.007075756407437562
525,0.0071226064889234
526,0.0073105775991896705
527,0.0070445539086457275
528,0.00733927523883028
529,0.0070926115268020555
530,0.007073459606144136
531,0.006625157467215874
532,0.006968224095575259
533,0.007458811825125525
534,0.00706276450290392
535,0.00721322469239644
536,0.00697381293077527
537,0.006813209535459341
538,0.006925948840266062
539,0.006953136731033861
540,0.0071967823521660295
541,0.007196766117161487
542,0.006679745588325343
543,0.0071037536056838555
544,0.006856192372960306
545,0.006923357626596876
546,0.007111318115444886
547,0.006859241051488887
548,0.0072119941232504986
549,0.007190119804640822
550,0.00710499643790141
551,0.00669396260626993
552,0.007092426394870095
553,0.007176611992783087
554,0.006604650570868941
555,0.006821295712143183
556,0.00664612888437459
557,0.0066031096325555845
558,0.006853799284356883
559,0.006871149942310432
560,0.006919162993129911
561,0.0069718294484951236
562,0.006865923095620789
563,0.007075137592915256
564,0.006809025655611087
565,0.006809904828067806
566,0.006601253846044637
567,0.007488013525351377
568,0.006793470946693067
569,0.006796565636897744
570,0.006509581799776751
571,0.006676527132848435
572,0.006792362355153566
573,0.007133044424798276
574,0.006746478439940108
575,0.00712581046943758
576,0.006715580262638376
577,0.006827994620711621
578,0.006691490905754016
579,0.007100552468465925
580,0.00684056005645859
581,0.006628461527417146
582,0.00672558930276309
583,0.006576112234743975
584,0.007253041826346416
585,0.0065889543344629774
586,0.006574901030004277
587,0.006684075977842686
588,0.006627489244407516
589,0.006850914339045599
590,0.006963674941936792
591,0.00631787657137897
592,0.006697954690888903
593,0.006787136982400286
594,0.0067386632485283635
595,0.0069855322599632
596,0.006467876206073216
597,0.006596899650580549
598,0.006721331333441628
599,0.006836636751590265
600,0.006522998424894098
601,0.007009683117680883
602,0.0065213656250261145
603,0.006519512222069553
604,0.0071366527926776625
605,0.006848850520327687
606,0.006901762992838177
607,0.006304621998362748
608,0.006410392605052408
609,0.006680865564888691
610,0.007195779440087913
611,0.006480194034323223
612,0.006796436277770643
613,0.006322366234814843
614,0.006719627360402906
615,0.006595729645025932
616,0.00654660826114843
617,0.006581767365510054
618,0.006504791358612099
619,0.006753494039619878
620,0.006891291355714202
621,0.006352125086932112
622,0.006536566415580653
623,0.0065189403939550205
624,0.00658302631631683
625,0.006399435853443535
626,0.006300702373402477
627,0.006633775362003026
628,0.006542456679645989
629,0.006740364587423786
630,0.00675163079660891
631,0.006342065417981249
632,0.006675251021633966
633,0.00687921861723318
634,0.006822726975384531
635,0.00654455469092512
636,0.006340261195565306
637,0.006877135455813575
638,0.006401315459713213
639,0.006917580966127373
640,0.006412867283038163
641,0.0064411880487923396
642,0.006795982046889425
643,0.006229740224178817
644,0.006711009982578709
645,0.00684727578013504
646,0.006047701453237589
647,0.006872480289252885
648,0.006646318718301669
649,0.006517553423783916
650,0.006714890833344247
651,0.006390730763580334
652,0.006227879932986857
653,0.006343366499295679
654,0.0064992446736511535
655,0.006550296393254677
656,0.006517435195145465
657,0.006240770015549861
658,0.006476732294501389
659,0.006511088886882289
660,0.0064389024154772444
661,0.0065731953245477155
662,0.0064893725616226
663,0.0062682229090261
664,0.006183027248371834
665,0.00632890179690163
666,0.006367300512758478
667,0.006376976103884942
668,0.006517169837271637
669,0.006422048442507699
670,0.0066974799649916214
671,0.006411268541557809
672,0.006642620357432229
673,0.006265949013927099
674,0.006817974562567296
675,0.0060154886450618505
676,0.006255501249836663
677,0.006505193322960098
678,0.006676705122009804
679,0.0060878134119498025
680,0.00630570274296264
681,0.006468017579656158
682,0.006411817534510993
683,0.006655089124066408
684,0.006679050661860255
685,0.006653475841523101
686,0.006575643473652081
687,0.006430576904676855
688,0.006536196364815962
689,0.005979339068289846
690,0.006144727282305011
691,0.006595165622657386
692,0.0061626823074421135
693,0.006059610955732859
694,0.005969059059664734
695,0.00640659458280178
696,0.006649659670321113
697,0.006492296348215412
698,0.006310345433352483
699,0.006490107021941725
700,0.006260524866944652
701,0.006231795422243491
702,0.006372521191409205
703,0.005949618641121345
704,0.0067264295254155235
705,0.006153160116193279
706,0.0064504286195388285
707,0.0060281092103696985
708,0.006065148747747101
709,0.0064660227340567165
710,0.006109710297373645
711,0.006226227642431603
712,0.0061885389199448845
713,0.00644779337917344
714,0.006381051895066591
715,0.006270169649446793
716,0.006235345320034204
717,0.006018499918755586
718,0.006538337526716671
719,0.006257149167911355
720,0.0061643722198777276
721,0.006324036480953633
722,0.006382337238608023
723,0.006572233230838457
724,0.006093312996060793
725,0.006198499866729697
726,0.006047312134750567
727,0.006279105458692726
728,0.0065504049061466075
729,0.005989222296008493
730,0.006389882202433832
731,0.006555459951445208
732,0.006276000123392096
733,0.006124895338316338
734,0.006319870651399685
735,0.006269980026645807
736,0.005999697186842056
737,0.00622498641437772
738,0.006131841901737123
739,0.006110572996075755
740,0.0059732791565169216
741,0.006168985001395567
742,0.0061818386430031284
743,0.0059557347933335576
744,0.006215132816331619
745,0.0063204446026139845
746,0.006086879366440541
747,0.0064343994372855805
748,0.006439716083597455
749,0.006151322537827921
750,0.006150884650474004
751,0.005893923796050377
752,0.006076801775449539
753,0.006128709086501118
754,0.00635352731540294
755,0.006163069615298409
756,0.006202151908113037
757,0.006113543196865436
758,0.006280083315825816
759,0.006052559608656724
760,0.006565787273032938
761,0.006147089374835713
762,0.006146013006662666
763,0.006471073085252764
764,0.006188188784092791
765,0.006124620315997656
766,0.006463185702529499
767,0.0059747009269766884
768,0.005915936986300148
769,0.006159713105061802
770,0.0061411906755923975
771,0.006186285245595342
772,0.006095037511470965
773,0.006027315217425447
774,0.00610193666228551
775,0.006069854069580087
776,0.006022482427721054
777,0.006007777594061473
778,0.006138317803931185
779,0.005906835596976897
780,0.006140818667471788
781,0.006079758831173561
782,0.006513999875682264
783,0.006453849292376032
784,0.006044750032804401
785,0.00652764651774413
786,0.005783657665695932
787,0.0059246303951683435
788,0.006164895392307159
789,0.00582999613933202
790,0.0061855581095757875
791,0.006182781337776174
792,0.006222875656607419
793,0.006128098780163012
794,0.005823444602695309
795,0.005992619391783314
796,0.006003247747608161
797,0.005816596291833005
798,0.006244630690948185
799,0.005775909085552824
800,0.00587703939132645
801,0.005933185439493696
802,0.0062728908171451065
803,0.006051689930954727
804,0.005760881422340112
805,0.006124728426368812
806,0.005868096070332548
807,0.005956231140910442
808,0.005506120604399781
809,0.005796016916095958
810,0.006078199709378877
811,0.006071952540601082
812,0.006236180745980749
813,0.0058740579041699735
814,0.005964427442542451
815,0.00590823561355661
816,0.006153726916744421
817,0.005864469898801486
818,0.005799476051371608
819,0.006090223163729376
820,0.005953565488522083
821,0.005952519565915405
822,0.005666870213413643
823,0.00582423680501406
824,0.0059800175949931145
825,0.0055202370316137445
826,0.00616192092164025
827,0.006329539982736174
828,0.006043778268730868
829,0.005667020627928866
830,0.00600321199034609
831,0.005834153764565491
832,0.005845251751637434
833,0.005744489103208406
834,0.005775926877365653
835,0.006417889787294602
836,0.005867398391335698
837,0.0062932376868202015
838,0.006049071856916456
839,0.005703433969263303
840,0.006129465324377989
841,0.006127286589925445
842,0.006204379507403632
843,0.005708389651125013
844,0.006020712240015046
845,0.006051466259631818
846,0.005690863239578903
847,0.005726268382790356
848,0.005865651701766429
849,0.005679151408326954
850,0.005871952010192356
851,0.0058379150627149365
852,0.005935167594836488
853,0.005721522958838712
854,0.005862014792401785
855,0.005827953028729406
856,0.006126126069259845
857,0.0060170397095350645
858,0.005999709311793795
859,0.005664357659012332
860,0.0059437087531817165
861,0.005765762647724379
862,0.006006715831078462
863,0.006010764487624421
864,0.005876153930469211
865,0.005766601159663523
866,0.00613144853436467
867,0.006045096311165746
868,0.005673346044574627
869,0.005830045832889312
870,0.005887599527772705
871,0.0056282329112607036
872,0.005838073146829413
873,0.005864804034452822
874,0.005792014865141551
875,0.00541698975859494
876,0.005692819526055985
877,0.006006365030277836
878,0.005804310197610471
879,0.006202039283195163
880,0.005745246234918171
881,0.005808659235283859
882,0.0056497107449350725
883,0.005778398950805224
884,0.005897789875882031
885,0.005500355644656693
886,0.005899005409693188
887,0.0056394428267317305
888,0.005801987573820151
889,0.005384692284909977
890,0.005932138311297838
891,0.005626627287464374
892,0.005747070437360366
893,0.005780917149376503
894,0.005541448537615459
895,0.005581495119258761
896,0.005792355004074525
897,0.005552953673463504
898,0.005732914428936981
899,0.005697146077813991
900,0.005961036779207445
901,0.005846953721937991
902,0.005954011303956731
903,0.0057309666249932625
904,0.00567769803012074
905,0.005768632877349727
906,0.0056941568362131965
907,0.0057894071737714745
908,0.005775282445553122
909,0.0054979881654509295
910,0.005781070216779865
911,0.005718010258703035
912,0.006071639201856392
913,0.00575574531448784
914,0.005887829756829888
915,0.006027055596459215
916,0.005643186200867897
917,0.006077286380864048
918,0.0055981756215599384
919,0.005714416247397914
920,0.005875309773373528
921,0.005665617264901935
922,0.005574927237121609
923,0.005324908563772501
924,0.0058198106865856355
925,0.005783832633978356
926,0.005740738110774655
927,0.005507294345110402
928,0.00568856266070694
929,0.006040660283622979
930,0.005655919939626829
931,0.005443992886408153
932,0.0057210728084131825
933,0.005970902127308487
934,0.005705795357382651
935,0.005629274737626567
936,0.005648528569046471
937,0.005841808428127571
938,0.0055963261609391895
939,0.005703267745942004
940,0.0055233792587325485
941,0.005972607734107996
942,0.0055165656810721095
943,0.005540244016891061
944,0.0058356234221719205
945,0.005706542504998713
946,0.0052367405575242335
947,0.005915982707924509
948,0.005937519492147395
949,0.00573863406760334
950,0.0057515463065671716
951,0.005918247700211102
952,0.005771572109690662
953,0.005693657897902116
954,0.005622888727792365
955,0.005815148831076793
956,0.005443029579217151
957,0.0055729694688156
958,0.005552988420477358
959,0.005312390939206264
960,0.005715600161623778
961,0.005324018955372779
962,0.005583269882678859
963,0.005651125461415593
964,0.0056490845863817855
965,0.005605295766144991
966,0.005733191136318117
967,0.005595578686768284
968,0.0056831655842331
969,0.005454726117639408
970,0.005478766233802347
971,0.005442512851066382
972,0.0057710004512662606
973,0.005743979575049321
974,0.005843230462001668
975,0.005536405547222091
976,0.0058175922702934785
977,0.005878184551088992
978,0.005815185951779329
979,0.0059009123341006746
980,0.005431004741694778
981,0.005422873969063542
982,0.0055906923104993116
983,0.005434544058516622
984,0.0056394992674448354
985,0.00558058402729931
986,0.005649397950777311
987,0.005593873536750927
988,0.005507091936355425
989,0.005343741413710986
990,0.006170236560815977
991,0.0055041436630822085
992,0.005325594164186425
993,0.005712120482003537
994,0.0056060293188192325
995,0.005774506215811155
996,0.0052195301346512415
997,0.0055605806686552395
998,0.005217771140574399
999,0.005337230358036014
1000,0.005398296194656168
1001,0.005307417386606083
1002,0.005314955024159182
1003,0.005464428992373711
1004,0.005602397010819513
1005,0.005615183430471284
1006,0.0056718603186940745
1007,0.005349174759476998
1008,0.005279795863563037
1009,0.0052821801312394065
1010,0.005611288907811425
1011,0.005596293207510548
1012,0.005660522198383459
1013,0.0053923255053617185
1014,0.0053476486710231684
1015,0.005498643739590958
1016,0.005432985097532934
1017,0.005596580467250009
1018,0.0054467009514633374
1019,0.005512714433341713
1020,0.005303460867854499
1021,0.0051324723260792885
1022,0.00539225478601342
1023,0.0055976467388603145
1024,0.005220489812249286
1025,0.005454275958334743
1026,0.00543335250428862
1027,0.004965430267660295
1028,0.005700457681333489
1029,0.005357454738074566
1030,0.005370099432924289
1031,0.005743357731755507
1032,0.005538679383126861
1033,0.005250688004938854
1034,0.005491317531993708
1035,0.005640278890002835
1036,0.005393888648417857
1037,0.005475082257131146
1038,0.005773844919562087
1039,0.00530364216005398
1040,0.005502457598271638
1041,0.005588799312521341
1042,0.005620710433350276
1043,0.005331470619224139
1044,0.005470322304941966
1045,0.0052383870825613455
1046,0.0056507533921276104
1047,0.0070263573513129505
1048,0.005401244639592655
1049,0.005333474355797141
1050,0.005398439123074256
1051,0.005395699614043332
1052,0.005217511214757875
1053,0.005423993264893227
1054,0.005316478344296121
1055,0.0056478684093266476
1056,0.005228449480008271
1057,0.005451159737214951
1058,0.005401731263530456
1059,0.005471321623930234
1060,0.005331391127290741
1061,0.0053978725681791745
1062,0.005355742102946644
1063,0.005513616880970233
1064,0.005519148433912482
1065,0.00514404168174902
1066,0.005660015182032929
1067,0.005107544056708151
1068,0.0055263557775198655
1069,0.005595194169920001
1070,0.005245843620071093
1071,0.005747083646553111
1072,0.0055488360655036265
1073,0.0054018903322423165
1074,0.005272727536621614
1075,0.005421107396151934
1076,0.005258136563066204
1077,0.0054794640015905435
1078,0.0055544092043666015
1079,0.005376846703179812
1080,0.004980842018563111
1081,0.005300897142013251
1082,0.0054970407815081845
1083,0.005462444255175858
1084,0.005511703013079398
1085,0.005133081286735201
1086,0.005512612043106455
1087,0.005145468947406606
1088,0.005000068036586804
1089,0.005202408521870246
1090,0.005076057153311953
1091,0.0053203130501985425
1092,0.005190726951695979
1093,0.005563870545918659
1094,0.005174820599446105
1095,0.0054653176240686135
1096,0.00526982225513212
1097,0.005363839794881642
1098,0.005260944757137006
1099,0.005210183612149903
1100,0.005467751837864329
1101,0.005485289515059252
1102,0.005055208370815647
1103,0.005053426468571238
1104,0.005400701410184472
1105,0.005220279306710019
1106,0.005248578561280491
1107,0.0055678441047163334
1108,0.0053971180893575485
1109,0.005428864855429758
1110,0.0053201388800516725
1111,0.005314547146307462
1112,0.005095521903644174
1113,0.00540058978564911
1114,0.005347967098498622
1115,0.0053327020772701225
1116,0.005035852634553182
1117,0.0053062983985864
1118,0.00504712107338769
1119,0.005528479051910404
1120,0.005028025702952202
1121,0.005236273205255048
1122,0.005428810296106642
1123,0.005265381950806132
1124,0.005535242268105305
1125,0.005335325049631045
1126,0.005282008413706859
1127,0.005414141121052079
1128,0.005193775596681161
1129,0.005474887377882408
1130,0.005418497512622153
1131,0.004978255396393143
1132,0.005277556254749454
1133,0.005364904484032827
1134,0.005169396227525579
1135,0.005158195810755557
1136,0.005314667448717154
1137,0.005317883446646886
1138,0.005564569087178147
1139,0.005028637902519144
1140,0.005148447469918657
1141,0.00499938772912374
1142,0.00508862682341961
1143,0.005244147839514002
1144,0.005447862463632314
1145,0.0052448647467703636
1146,0.0052490493724659335
1147,0.00524312117279081
1148,0.005194443933097488
1149,0.005100736031466622
1150,0.005206173725852395
1151,0.005180784899709841
1152,0.004824037326231472
1153,0.005349226123298187
1154,0.004921129646205927
1155,0.005249874200671911
1156,0.005245958705495854
1157,0.005301236250966598
1158,0.00513918396732691
1159,0.005379790014003293
1160,0.005057265368384956
1161,0.0049305151925043405
1162,0.00523394561506871
1163,0.005184557162604089
1164,0.00495579986442354
1165,0.005036944803639741
1166,0.005004358225328438
1167,0.0051539959958202
1168,0.005363455890693655
1169,0.005319554746442996
1170,0.005059484690348855
1171,0.005151471823564399
1172,0.005074008118353342
1173,0.005066799278118474
1174,0.005124930856686275
1175,0.004943467218870834
1176,0.005161551738915555
1177,0.004781460733808009
1178,0.005097414169586816
1179,0.005048722374031984
1180,0.004915332869563441
1181,0.0050770175254556465
1182,0.005241822528305574
1183,0.004986723431117706
1184,0.004898090732394386
1185,0.005112217069343048
1186,0.005199856411910348
1187,0.005257842687384809
1188,0.00501169002974027
1189,0.005082533621797496
1190,0.0051436698275334125
1191,0.005090633385530594
1192,0.004969060050039473
1193,0.00527797224023774
1194,0.004905704659472962
1195,0.005192868034671045
1196,0.0049588076930130055
1197,0.005210090539086673
1198,0.004988045163326345
1199,0.005618357819789168
1200,0.005010262034020497
1201,0.005078907973148813
1202,0.0049444320039444805
1203,0.0052265760595357775
1204,0.004920017242557921
1205,0.004904182664300236
1206,0.004987874509316822
1207,0.005203230400230356
1208,0.005010306764141483
1209,0.005234155867059352
1210,0.005014965875011127
1211,0.005265090811871371
1212,0.00498364958616163
1213,0.0049010938047273555
1214,0.005125198970051577
1215,0.0049197813762367655
1216,0.005139020378148909
1217,0.005044687636022977
1218,0.005180798936635256
1219,0.004640073919968711
1220,0.005090249897675368
1221,0.0052864458826291615
1222,0.004926880651895525
1223,0.005044594359726219
1224,0.005050406692612727
1225,0.005007439961862135
1226,0.00470842965049827
1227,0.005085568196313866
1228,0.0049452882583679286
1229,0.004872061961362043
1230,0.005112579242342105
1231,0.004802770487435351
1232,0.004877032101414782
1233,0.0049324005771175785
1234,0.004971598652862328
1235,0.005132043262612138
1236,0.005026391772474399
1237,0.0052767322434238715
1238,0.005042968857520402
1239,0.004923593171011909
1240,0.0050217538195962115
1241,0.004800323599168115
1242,0.005270487350664275
1243,0.004902145351772591
1244,0.005175111231283616
1245,0.004768152808044422
1246,0.005098331294425021
1247,0.00523974319083332
1248,0.005117460171755214
1249,0.005130030199001401
1250,0.005132576721025852
1251,0.004811311754303337
1252,0.004910471369670231
1253,0.005022787120019607
1254,0.005378849891219604
1255,0.005028505643861273
1256,0.004789057943449056
1257,0.004980578367456289
1258,0.005046658387597082
1259,0.005005160765919708
1260,0.00511524936784122
1261,0.004966169978507747
1262,0.005137890356324486
1263,0.004914559856041382
1264,0.0051818512601114934
1265,0.004825037316087697
1266,0.0051185754522428675
1267,0.005144014776984261
1268,0.005057173275972827
1269,0.004982286822484901
1270,0.004843415074855468
1271,0.005026889000072191
1272,0.004971434120522907
1273,0.005112134758777664
1274,0.004796947769907509
1275,0.004916338940640375
1276,0.004831651417080755
1277,0.0048617275522516695
1278,0.0051557118471680305
1279,0.006125879404924305
1280,0.0047359535385759835
1281,0.00455980743991874
1282,0.004887863973913304
1283,0.004607874479823572
1284,0.004963425641200679
1285,0.0048707029930221205
1286,0.004815528919067928
1287,0.004684056718715356
1288,0.005124802904408741
1289,0.0048033490676385494
1290,0.0049199957136159475
1291,0.0048552441284439325
1292,0.00503128533788278
1293,0.00549848576597238
1294,0.004984746402981928
1295,0.004721539162130931
1296,0.004895657150990377
1297,0.005144815501299197
1298,0.004766190936591603
1299,0.004919288282369469
1300,0.00464934891216078
1301,0.004761253831852859
1302,0.004860254456446964
1303,0.005074140005074126
1304,0.00462061726740735
1305,0.0053098820439950265
1306,0.0048500194403705964
1307,0.004676376200099554
1308,0.005012280912477902
1309,0.005000856077551084
1310,0.004987088181038971
1311,0.0049297500241910885
1312,0.005200800916053734
1313,0.004779350429860149
1314,0.00510093880130641
1315,0.0046870601126703165
1316,0.004831450641099995
1317,0.004711634783326822
1318,0.0048207849761376445
1319,0.004943430103101152
1320,0.004809994679694143
1321,0.004873868417373653
1322,0.004780513573816772
1323,0.005139384078359136
1324,0.005061478352063667
1325,0.004709981361175177
1326,0.004700276267643765
1327,0.004633588722307172
1328,0.004821075507344962
1329,0.004816509051232646
1330,0.004732167429164431
1331,0.004885076894424856
1332,0.005123560622697539
1333,0.004766363838008779
1334,0.004720740122878451
1335,0.004475428794818472
1336,0.0048312934251675795
1337,0.00490010836777293
1338,0.004837879415806699
1339,0.004584311016330148
1340,0.004626707134421094
1341,0.004729915512883562
1342,0.0049994697348388325
1343,0.004570087605408567
1344,0.0046264843046428415
1345,0.0049125483186552455
1346,0.004616392945073608
1347,0.005154995756792062
1348,0.004759582920765536
1349,0.0047860789118666135
1350,0.004838651052076306
1351,0.004476945415154984
1352,0.0048954443595672055
1353,0.004677971944378657
1354,0.004761015762519723
1355,0.004783811984915223
1356,0.005277515150275145
1357,0.004812859991265429
1358,0.004794851817601061
1359,0.004871599143370986
1360,0.004828491425773097
1361,0.004970396415062122
1362,0.004721210849218828
1363,0.0047246590947290345
1364,0.004469542022226221
1365,0.005029447525700207
1366,0.0047796105806147526
1367,0.004918550594978161
1368,0.004555462977959443
1369,0.004930403422943111
1370,0.004786286454734598
1371,0.004711035888649965
1372,0.004973310988072811
1373,0.004881567156960462
1374,0.004812526070686467
1375,0.004719790556641706
1376,0.0046100795320314115
1377,0.004794360014168009
1378,0.004401758597311327
1379,0.004477005339448608
1380,0.004777436977315505
1381,0.004759607964858286
1382,0.004768531247618277
1383,0.00479655465608368
1384,0.004584254992936375
1385,0.0045510952506940495
1386,0.005094851982795586
1387,0.004617826918424186
1388,0.004594343864374747
1389,0.004720522622554168
1390,0.004824004282038343
1391,0.0046122690516729225
1392,0.004865187082155529
1393,0.004737151064515366
1394,0.0049722493336125575
1395,0.004759266327324686
1396,0.004571594262369356
1397,0.0049883896747398805
1398,0.0046935763320554115
1399,0.004699822541886656
1400,0.004637518782223874
1401,0.004829077172424581
1402,0.004668558465308999
1403,0.004570474032257384
1404,0.004565333981082728
1405,0.004467223026055716
1406,0.004727067876709783
1407,0.004339848330315455
1408,0.0042913946001474764
1409,0.004794382111374605
1410,0.004678764643928952
1411,0.004835053031348576
1412,0.004612029261760793
1413,0.004720779516639472
1414,0.0048010352825335525
1415,0.004564546956286087
1416,0.004796587725927643
1417,0.004456019149382867
1418,0.0043800334935471166
1419,0.0046099674003988
1420,0.004606831781329366
1421,0.004718817791199091
1422,0.004775037379319764
1423,0.004358558109527359
1424,0.004719744049707207
1425,0.004643380336100393
1426,0.004535269518027682
1427,0.004522654354193453
1428,0.004935890792324445
1429,0.004524277255799369
1430,0.004874182721970887
1431,0.004827117449722363
1432,0.004653182332561809
1433,0.004630542924564521
1434,0.004601000884145309
1435,0.004465056025872985
1436,0.004449095952884941
1437,0.004423600254517238
1438,0.004496131340925724
1439,0.004665812558368228
1440,0.004746039451289354
1441,0.0045988213643826294
1442,0.004335253927619907
1443,0.004824647251753357
1444,0.004631695718409778
1445,0.004386922589234881
1446,0.00471231980659699
1447,0.004847653450886324
1448,0.004600774195889737
1449,0.004453733536785753
1450,0.004729691342355968
1451,0.004501159336433699
1452,0.004409607671501147
1453,0.004604241213863873
1454,0.004345487288230935
1455,0.004423927527584009
1456,0.004805156602958312
1457,0.004458548211082184
1458,0.004554238114150841
1459,0.004305073696433299
1460,0.004741555190313671
1461,0.0046007651618634494
1462,0.0044865436690180735
1463,0.004738968183381199
1464,0.004541319733785497
1465,0.004481622609862332
1466,0.004714029069626861
1467,0.004228326905384596
1468,0.004406912302622035
1469,0.004625868308752523
1470,0.004423744817682684
1471,0.004391883806743801
1472,0.004446189970930375
1473,0.0047603400810858456
1474,0.004458563608488352
1475,0.004595741911759695
1476,0.004690139134161932
1477,0.004260240203574679
1478,0.004683150894055932
1479,0.004531945000300026
1480,0.00454457350454088
1481,0.0044775181676860966
1482,0.004655944319615551
1483,0.004272233470840285
1484,0.004694194039645589
1485,0.004471867416306573
1486,0.004336945598124195
1487,0.004561886469580991
1488,0.004561161502043449
1489,0.004563820317498077
1490,0.004534182774092434
1491,0.004382189286288695
1492,0.004461577772833723
1493,0.004454255011327312
1494,0.004394491357034293
1495,0.004530253879315519
1496,0.004528400354024212
1497,0.004515926963333987
1498,0.004625210707210068
1499,0.004468663652837908
1500,0.0044647936257375875
1501,0.004505058290768351
1502,0.004805867941024066
1503,0.004671832701483331
1504,0.00439102583174136
1505,0.004332701282938785
1506,0.004416139927590108
1507,0.004399681354328296
1508,0.004631266119234832
1509,0.004480382621927597
1510,0.004313007007960735
1511,0.004368694855286977
1512,0.004560662105963644
1513,0.004618937363729702
1514,0.00437174931906511
1515,0.004647644417226251
1516,0.004349203588898783
1517,0.004214097708226892
1518,0.004481709624395974
1519,0.0042935848054555005
1520,0.004310741410906411
1521,0.004393427261798564
1522,0.004409864027905515
1523,0.004227527703347979
1524,0.004270065675481712
1525,0.004222251671184864
1526,0.004412180909855386
1527,0.004452586127642415
1528,0.004660932793108336
1529,0.004518325256096925
1530,0.004364517864660691
1531,0.0043721668061137324
1532,0.004515911191031021
1533,0.004305367840461875
1534,0.004435174821252477
1535,0.004195814684893683
1536,0.004234248785088944
1537,0.004484095331478737
1538,0.004150108360267102
1539,0.004318978914683211
1540,0.004415748223575558
1541,0.004420895136348209
1542,0.0046448783516899635
1543,0.004343034548613922
1544,0.004337780164767814
1545,0.004612383522464247
1546,0.0044250432944509316
1547,0.004235428912857137
1548,0.004144561856835134
1549,0.004352669788019384
1550,0.004134157625169067
1551,0.004238907662141374
1552,0.004269677965104643
1553,0.004301101775342694
1554,0.004395285540386655
1555,0.004358153485385228
1556,0.0043519689973791015
1557,0.004497721972796372
1558,0.0044625672488078725
1559,0.004241414977853202
1560,0.0043868752673931295
1561,0.0045180537548484435
1562,0.004490487185756723
1563,0.004367012610477474
1564,0.00439859668613743
1565,0.004229103242662751
1566,0.004390634745319958
1567,0.004330179728054584
1568,0.0042872218527610145
1569,0.004162740481275497
1570,0.004469636106524237
1571,0.004464446525562996
1572,0.004281318819513387
1573,0.004320438880220813
1574,0.004067787362886119
1575,0.004443831221887178
1576,0.004222286381695609
1577,0.004152154488788949
1578,0.004469462992007829
1579,0.0040332153084356405
1580,0.00424238827505733
1581,0.004292496302465009
1582,0.004061361227255567
1583,0.004514848349726428
1584,0.004319994169745153
1585,0.004308821498297976
1586,0.004359443463834981
1587,0.004311003387803054
1588,0.004578183369584761
1589,0.004180274000075661
1590,0.005150161514855858
1591,0.004399133574856855
1592,0.004116736214323822
1593,0.0042838980384581424
1594,0.004106075079693317
1595,0.004055728475855253
1596,0.004454160422891758
1597,0.004139285722068685
1598,0.004088416381865361
1599,0.004338518266518742
1600,0.004304784451713943
1601,0.0041434190638552785
1602,0.004124492833043559
1603,0.004349179038091295
1604,0.004346566074488337
1605,0.004096659511067289
1606,0.004103108632804478
1607,0.00398024804179825
1608,0.004243315148198882
1609,0.00424316055654406
1610,0.004151870653435777
1611,0.0039902649300914824
1612,0.0041529673814647275
1613,0.003968367025540289
1614,0.00420737889066528
1615,0.004285664475223018
1616,0.004941830096837386
1617,0.004349969493193647
1618,0.0040592301293607734
1619,0.00427534263798083
1620,0.004205971388975001
1621,0.0040283461103326305
1622,0.004263689256099574
1623,0.004288819535651197
1624,0.004055647001901673
1625,0.004162020506771376
1626,0.00428949624509156
1627,0.004484287292451866
1628,0.004083934448209544
1629,0.0042662150236399115
1630,0.004470367200664734
1631,0.004251844935332251
1632,0.004274612757322079
1633,0.004334467653603435
1634,0.004134459760418888
1635,0.004120674528876099
1636,0.004113307630177587
1637,0.004084017033041534
1638,0.003979803891694647
1639,0.004427497306743921
1640,0.004349570768743248
1641,0.004192625432890855
1642,0.004072983864639586
1643,0.004197780961383892
1644,0.0040269765551044145
1645,0.004268563934601843
1646,0.0042737651472295616
1647,0.004244434435149434
1648,0.0040431589122972116
1649,0.004052304629220674
1650,0.004227945135148652
1651,0.004291401850454257
1652,0.004216739185691132
1653,0.004154876466461663
1654,0.004097815907868099
1655,0.004062443521757752
1656,0.004241897475953072
1657,0.0041919423778288825
1658,0.004225836339667124
1659,0.004179962590076345
1660,0.004301762188611142
1661,0.004274980644537609
1662,0.004125812635520252
1663,0.004053878512083537
1664,0.004140904936860553
1665,0.004081414558656387
1666,0.004114179003794315
1667,0.0041707899427372895
1668,0.004014420236255658
1669,0.0038718354683053694
1670,0.004151697593180747
1671,0.004223729027001092
1672,0.003993812157235787
1673,0.00417764651119488
1674,0.004396538575716569
1675,0.004139363035654365
1676,0.004038449378794659
1677,0.005231354820691996
1678,0.00404131176222463
1679,0.004006388511358745
1680,0.004088360565651397
1681,0.0038947958076941008
1682,0.0038671642068331524
1683,0.00378467608243227
1684,0.004009534560451757
1685,0.004058682180199204
1686,0.004245974227067841
1687,0.004211954056222181
1688,0.004025718594814445
1689,0.004012106823087749
1690,0.00408207989491175
1691,0.0040880666051249384
1692,0.0040235619111996836
1693,0.003914518391326764
1694,0.0038848816421103933
1695,0.0039519301134209005
1696,0.00409294085446903
1697,0.004483493590545919
1698,0.003972548482371337
1699,0.004065814960779527
1700,0.004202159324866104
1701,0.003935525635794058
1702,0.004083416838064726
1703,0.003986139589391838
1704,0.00394203183458234
1705,0.004288218965777591
1706,0.004034793595349321
1707,0.004084434486546759
1708,0.0038461935720248623
1709,0.00397867068028772
1710,0.004107798847283031
1711,0.003869081154797163
1712,0.003983325569622092
1713,0.004081074511474472
1714,0.0038556778543013133
1715,0.004064498644843066
1716,0.003975471364278978
1717,0.0042169165888296094
1718,0.003919444855902407
1719,0.003983489376832179
1720,0.0038031367081912014
1721,0.003859019888588622
1722,0.004173656935424749
1723,0.003910938825387255
1724,0.0041377574661194145
1725,0.003898268090008553
1726,0.0040494376700766135
1727,0.004062017932991987
1728,0.004037887706437101
1729,0.004093794781572612
1730,0.004206403338160934
1731,0.003836899046722989
1732,0.0038773042092620693
1733,0.003980569988370763
1734,0.004131898317501833
1735,0.003969130259188745
1736,0.0039235362230594885
1737,0.00378107497472537
1738,0.0039011583904246406
1739,0.003694395797121954
1740,0.004036294814333383
1741,0.003906265762437262
1742,0.004098218599318574
1743,0.00392311840649631
1744,0.0038798101487080173
1745,0.0035973342571612764
1746,0.0041632484269754615
1747,0.003747626556028312
1748,0.004034226430753656
1749,0.00404689797709333
1750,0.004046981931285207
1751,0.0041454936115276385
1752,0.0039863221542672965
1753,0.003693433727090389
1754,0.004205951633886829
1755,0.0037558276494333554
1756,0.0038743246952466412
1757,0.0036461867867590135
1758,0.0038844723445836896
1759,0.0037929021794806724
1760,0.003917313193689274
1761,0.003764849477763272
1762,0.004071738706088735
1763,0.0038709324632645033
1764,0.0038957077895401646
1765,0.004076103094799476
1766,0.00379819143563509
1767,0.003872385323521192
1768,0.003875461317227869
1769,0.0038438163741128678
1770,0.003799530047078822
1771,0.0037414842054358352
1772,0.003786667695040104
1773,0.0036742988770622443
1774,0.0037918988155532566
1775,0.003861616476107452
1776,0.003829562388384178
1777,0.0037832768383372762
1778,0.003817684791579653
1779,0.00377450464885303
1780,0.003920228818384141
1781,0.0040941876556598025
1782,0.0037975472267874973
1783,0.003918456747315003
1784,0.004022668357504437
1785,0.0037880062216387716
1786,0.0037762153256384622
1787,0.003718672690210643
1788,0.0040534453247515955
1789,0.0037527942410433444
1790,0.0037886870036422573
1791,0.0038939301127773095
1792,0.0037433093717574315
1793,0.0039417616977608936
1794,0.0037405116432267477
1795,0.0036953828806625838
1796,0.003631954590426916
1797,0.0037307461212641732
1798,0.003977361683717976
1799,0.003874996106803291
1800,0.0037375993265028476
1801,0.003388911721462352
1802,0.0038223929488163254
1803,0.003931460388091598
1804,0.003811308348519822
1805,0.0037317270022359187
1806,0.0037410724937710594
1807,0.003685065404062112
1808,0.003752620659879077
1809,0.003665369547611513
1810,0.003946444516906799
1811,0.003916693281113975
1812,0.003828751127496046
1813,0.003803069400403775
1814,0.003821823104695117
1815,0.003557340508342673
1816,0.003617304543001672
1817,0.003590048101367587
1818,0.0037147903033547987
1819,0.003535121187007339
1820,0.0034703587594252646
1821,0.0037704373688152914
1822,0.003908939916103826
1823,0.0037312571805807114
1824,0.0038518489642321305
1825,0.0037208109476477287
1826,0.0035750125505235363
1827,0.0037140949457583916
1828,0.003741479109799079
1829,0.0036351184796747137
1830,0.0036154959007497814
1831,0.0036922563212702713
1832,0.003636422778195623
1833,0.0036303770799442367
1834,0.0037023644722698223
1835,0.0034641366584179135
1836,0.0038228420791279337
1837,0.0036841879482381046
1838,0.0035672045709423217
1839,0.0035612295969720867
1840,0.0035512423817605034
1841,0.0032705161848768467
1842,0.0037926718497932966
1843,0.0038205511656873936
1844,0.0035623790206924335
1845,0.0037612079877516855
1846,0.0038216953023763028
1847,0.0035308440002786404
1848,0.003490126565477606
1849,0.0036991902003538305
1850,0.0035714769954951005
1851,0.003654013520059318
1852,0.003546014872095469
1853,0.0037268339606964865
1854,0.00345064460899744
1855,0.0035972082829576427
1856,0.003568477288354188
1857,0.0035281129471436776
1858,0.0035212340812056753
1859,0.0035666369692959146
1860,0.0038167651559194646
1861,0.0035604275151361097
1862,0.003606881616810747
1863,0.0034894518311514313
1864,0.003648833743635944
1865,0.0034645932846923628
1866,0.00372126765284782
1867,0.0034571788628917125
1868,0.0037003702245321187
1869,0.0035926290487839005
1870,0.0034426923099336987
1871,0.003563033088339272
1872,0.0035488193467953953
1873,0.003520712189344784
1874,0.003461934208783116
1875,0.003669387003864651
1876,0.0034402523750155156
1877,0.00326576297984348
1878,0.003510035640536413
1879,0.0035655295419096313
1880,0.003572450736655964
1881,0.0036353221413742563
1882,0.0037463295206396005
1883,0.003616063099875415
1884,0.003369390773113375
1885,0.003333730098270511
1886,0.0034246579872175926
1887,0.0034676390123885062
1888,0.003433963106313752
1889,0.0032918232708174923
1890,0.003568949600113398
1891,0.0033854020688430233
1892,0.003439135869207271
1893,0.003484509803425773
1894,0.003436310018483802
1895,0.0034485674774968776
1896,0.0035393294016041366
1897,0.0034989425212034356
1898,0.0034530660891274024
1899,0.003302939849810959
1900,0.0034782513315094856
1901,0.00352033198183655
1902,0.00341532092790072
1903,0.0034059641973541704
1904,0.0034154770230890204
1905,0.0032952379078162296
1906,0.003396137477435424
1907,0.003532451842872079
1908,0.0032421449580135107
1909,0.003436608032828544
1910,0.003495542903754355
1911,0.0032331927125026486
1912,0.003085488518621078
1913,0.003354990971274674
1914,0.003207043866958406
1915,0.0032540393215840903
1916,0.0033656114532801687
1917,0.00325513506896194
1918,0.0031738671004551194
1919,0.0033079243572902376
1920,0.0033315371858129686
1921,0.003328483471828434
1922,0.003117471769594161
1923,0.0033066598501182713
1924,0.0032806185585194094
1925,0.0031657192266104205
1926,0.0031540009165498414
1927,0.0031815102379137684
1928,0.0030678979720983467
1929,0.0033258710044704503
1930,0.0034057495679501127
1931,0.0032772455686087706
1932,0.0031817813109906424
1933,0.0033599917275704823
1934,0.003257230094878666
1935,0.0034016119809505544
1936,0.0030935659473840843
1937,0.003238913726448318
1938,0.003263947629898597
1939,0.0030738477155140016
1940,0.0032143463475345557
1941,0.003179305400778303
1942,0.0030719820938815
1943,0.003297115492602905
1944,0.003055448308429223
1945,0.0032955332436219995
1946,0.002921517426345371
1947,0.003022061446800007
1948,0.003234687758514942
1949,0.003218333329610779
1950,0.0031971438537288645
1951,0.002979595268389873
1952,0.003169999631532168
1953,0.0030997289942530128
1954,0.002876186605258766
1955,0.0030042390512712933
1956,0.0031865869364622284
1957,0.003079432444607492
1958,0.0031203385610212337
1959,0.0029936671549043916
1960,0.0030372057887488755
1961,0.003062098001927074
1962,0.003105076351518727
1963,0.0030166616365392457
1964,0.0032703372387420703
1965,0.003033954375897045
1966,0.0030288381227765674
1967,0.0030134394587317515
1968,0.0027898938762087187
1969,0.0029986055629027974
1970,0.0030147493363089735
1971,0.002888799414149154
1972,0.0029654334727437946
1973,0.002996895086391182
1974,0.0029557318193838
1975,0.0030293947695438765
1976,0.0030685652489379303
1977,0.0028327747526326044
1978,0.0027574037183944323
1979,0.003031076091909939
1980,0.002799520625188252
1981,0.003129563882347133
1982,0.0030717502202112544
1983,0.0029357599343125852
1984,0.002830999796831254
1985,0.002848605701297332
1986,0.002833151155924898
1987,0.0029163408059611033
1988,0.0029268084859507063
1989,0.0027524576427699144
1990,0.002802447773026839
1991,0.002835133251580173
1992,0.0027456966256407104
1993,0.002688874264634451
1994,0.00273430373882717
1995,0.0027225944253031985
1996,0.0026753858674980575
1997,0.0027527030590937425
1998,0.002623375305921723
1999,0.002778040698011232
2000,0.0027648174298643058
