1,0.5489237052151712
2,0.19272974038780746
3,0.1425142396809691
4,0.11629318641656536
5,0.10520402695667946
6,0.09557462549942025
7,0.0880242538149074
8,0.08228611873494367
9,0.07724965496335999
10,0.07314560887545853
11,0.06561706900217776
12,0.0632817870226957
13,0.058071721345186234
14,0.05550001507972257
15,0.05295813329896684
16,0.05229334345371541
1,0.5881803132972475
2,0.20575744772361496
3,0.14543705679855104
4,0.1224314015421827
5,0.11402789105550717
6,0.09979217575263169
7,0.09685697921125566
8,0.08574481636790907
9,0.07982271710821127
10,0.07384885718130459
11,0.0650231353622877
12,0.06211105961415727
13,0.059491814287789796
14,0.056886425431249506
15,0.0529431082876557
16,0.05013835992095834
17,0.046878010665966294
18,0.04471718775645151
19,0.04241662530891471
20,0.03982266763193627
21,0.04046975246677965
22,0.039172145743238726
23,0.03851194149356777
24,0.03793616378206318
25,0.03551278285429639
26,0.03595332722416369
27,0.03600487332412247
28,0.033979127483473995
29,0.03309551149732986
30,0.0331172847773059
31,0.03203232849995464
32,0.03233331951738919
33,0.0322013289304608
34,0.03178432547503104
35,0.03054633716089746
36,0.030136179131597787
37,0.030064697914078075
38,0.028453096700042993
39,0.0287034918033218
40,0.027918178690755267
41,0.028709508636492794
42,0.02785915862453186
43,0.027608917568320946
44,0.027195600824335874
45,0.026855523587536005
46,0.026614546949454282
47,0.025936049298714785
48,0.02645131697783531
49,0.02573284824078871
50,0.025774704000391696
51,0.025371968714615046
52,0.026242439019477974
53,0.02498112844650523
54,0.025061698472600872
55,0.02465982646760294
56,0.024729829289461092
57,0.024576438882909085
58,0.024010377628255194
59,0.0234366561112515
60,0.02345720860886119
61,0.023343215814902115
62,0.023039306750742054
63,0.02315451761991796
64,0.022894030468443693
65,0.022955230232012475
66,0.02239057428787573
67,0.022610084737761545
68,0.022145366240924193
69,0.021582552002963877
70,0.021710180677473545
71,0.021830506993741807
72,0.02161873667106285
73,0.021310803717223263
74,0.021175900119025322
75,0.021687056885053544
76,0.020802341354221612
77,0.020667188808763937
78,0.021217967091538642
79,0.02071837794382946
80,0.020735222522674474
81,0.020426888137234974
82,0.020027592288866893
83,0.020263100698022014
84,0.019858108936035533
85,0.02027961672520486
86,0.019852434411266093
87,0.019794690028085548
88,0.01973953289058754
89,0.019559265595813422
90,0.01935927756919952
91,0.019230892826503112
92,0.019684299668770725
93,0.01943013525836296
94,0.019299853024846415
95,0.018998188021892713
96,0.019198831170797348
97,0.01875535802031725
98,0.020089406299136452
99,0.018783800564390624
100,0.018602447236998606
101,0.01841013123265515
102,0.018311038573856575
103,0.018285095360193213
104,0.018807143533318225
105,0.018438100546472155
106,0.01827514555968218
107,0.01833035216777254
108,0.01841710269514282
109,0.017934586647582258
110,0.0181955396655505
111,0.018049330055966217
112,0.01760448088427469
113,0.01765214286397322
114,0.017544319190211214
115,0.017707185038381208
116,0.017596997320652008
117,0.0170265807201928
118,0.017633643979995936
119,0.017198950620525975
120,0.017169595261941017
121,0.017415936381193035
122,0.01719268950460068
123,0.017384161478129483
124,0.01686761214918757
125,0.017118574909360734
126,0.016774119809269905
127,0.016954827130282835
128,0.016665944379707007
129,0.01672588563445261
130,0.016915135661739918
131,0.016614876679634138
132,0.016521394868397106
133,0.016368453927590686
134,0.01614269240112123
135,0.01648925764138921
136,0.015742162518771523
137,0.015674218006621478
138,0.01615914823960955
139,0.016014803271993238
140,0.015747257942428528
141,0.01627573853958461
142,0.0159688542865343
143,0.01617906685381875
144,0.015860831167675175
145,0.015526960043520745
146,0.01622695687337447
147,0.016195101813428987
148,0.015795727804997713
149,0.015837911997874408
150,0.015727597399283262
151,0.016089140484898776
152,0.01551299936816854
153,0.015304237888273547
154,0.015122713276453443
155,0.015416695909985042
156,0.015802497261251183
157,0.015900199325218543
158,0.015408028698510538
159,0.015304238014554574
160,0.01498175423466048
161,0.01497902465447531
162,0.015230902612714444
163,0.015112167508420298
164,0.015094463287268654
165,0.01510190051759325
166,0.015501759599073458
167,0.014726915657204591
168,0.014793547557003923
169,0.014966228163911629
170,0.014922467778610476
171,0.014896306899865553
172,0.01468932534710078
173,0.015185989305313867
174,0.014528609441309157
175,0.014292200593183101
176,0.015150243432213694
177,0.014487846920235177
178,0.01405316159539556
179,0.014436723806469117
180,0.014500942870469416
181,0.01445725881415656
182,0.014621097306420996
183,0.014346740508483629
184,0.013909504812021377
185,0.013989873719796285
186,0.014048803933122652
187,0.014574461308765715
188,0.01391919476958781
189,0.013722564425256293
190,0.014556525582921202
191,0.013810492183823707
192,0.014577353010111945
193,0.0139280015926303
194,0.014263126565048755
195,0.01351391722179823
196,0.014612104057066016
197,0.014118608122817794
198,0.014476623338789253
199,0.013610554578856139
200,0.013574103165765182
201,0.013769353692561893
202,0.013466623828793734
203,0.014206736830015809
204,0.013521149352003457
205,0.013437282013848929
206,0.013423407702880391
207,0.013807222831173468
208,0.013510114193688763
209,0.013683166615349256
210,0.013311728771965382
211,0.013953617971264204
212,0.013452608667124631
213,0.013702161925829064
214,0.013422766684601873
215,0.013872903874301809
216,0.013744116409571242
217,0.013420367585810817
218,0.012947896294201077
219,0.013371986265973015
220,0.013010540515405395
221,0.013571801429645996
222,0.013048384831902586
223,0.013056939905825056
224,0.012893374385785753
225,0.013272243626889283
226,0.012928758309838377
227,0.013344750171369416
228,0.01294392361542431
229,0.013692870815047773
230,0.013252998453612297
231,0.013030734169691548
232,0.012748617544707101
233,0.012804405424365048
234,0.012848460577207349
235,0.01296796324520798
236,0.013060060495479127
237,0.012955170385223829
238,0.012846385906213674
239,0.013238437604001266
240,0.012652195962461628
241,0.012766066251985602
242,0.012802124646950071
243,0.01266792266219223
244,0.01277910731338217
245,0.012866506368805796
246,0.012726783748495124
247,0.012793695337091715
248,0.013070733219353576
249,0.012781433165231245
250,0.01318327805927118
251,0.012595901802434759
252,0.012950949418216439
253,0.012577107420854144
254,0.012488136213998927
255,0.01250258669004602
256,0.012598363418226777
257,0.01255723663163766
258,0.012482542872144762
259,0.01241471584081271
260,0.01282760837920389
261,0.012291240186225308
262,0.012406797874403202
263,0.012367621873173926
264,0.01209438978536528
265,0.012664099263374582
266,0.012465399101976369
267,0.01241513168818112
268,0.012769227117394744
269,0.012235112283063137
270,0.012319274830742407
271,0.011864864145074103
272,0.012304561512576322
273,0.011941652733169623
274,0.012363782835240334
275,0.01182952512971173
276,0.01211866415579314
277,0.012271549722369192
278,0.012538236534317671
279,0.01239482430993753
280,0.012000657030049775
281,0.012181839791237044
282,0.012435321029180945
283,0.012289357280863797
284,0.011796570083094855
285,0.011830724657402706
286,0.011873863120484402
287,0.012117225945122162
288,0.011870516112895083
289,0.012081045499545032
290,0.012196791200440819
291,0.012458915885348441
292,0.012202370335679438
293,0.011564000422861112
294,0.011950497914074083
295,0.011487300377496975
296,0.01174691558215704
297,0.011821351341619078
298,0.011930345936473144
299,0.011745910172082357
300,0.012142390663877635
301,0.011657806796069115
302,0.011627934403496526
303,0.011693070484798843
304,0.012034314053164701
305,0.0119644007290382
306,0.011888504387431983
307,0.011708662991206778
308,0.011534072569239948
309,0.01184614593068422
310,0.011933401357224685
311,0.011707522113160309
312,0.011315862782362658
313,0.011213601298503956
314,0.011785060348841598
315,0.011735748866636116
316,0.011570987331096903
317,0.011527169933858312
318,0.011701251597191065
319,0.011535247716800137
320,0.011689267385656298
321,0.011564985197826715
322,0.011277861798466262
323,0.01198538200203645
324,0.01134408355327481
325,0.011423358011012108
326,0.011409436127612903
327,0.011467560293089788
328,0.011385781647069222
329,0.011053562736517544
330,0.01123684701920187
331,0.011372932335519689
332,0.011675120414218913
333,0.011376155122041197
334,0.011512532321167952
335,0.011322726483725138
336,0.011711923263461913
337,0.011178701235991666
338,0.010998009194983012
339,0.01136654248792615
340,0.011105234671573518
341,0.011125645434515457
342,0.01110499776836674
343,0.011030685851129434
344,0.01123643119156487
345,0.011148660980417566
346,0.011546394389154295
347,0.010755012167017844
348,0.011146102688606765
349,0.010942640943231724
350,0.010965773756852594
351,0.011509693717047319
352,0.010668287258910931
353,0.0106828299161615
354,0.011239251776961452
355,0.011272173118382946
356,0.010723692767511485
357,0.011300298314289017
358,0.010893214624217254
359,0.011322234058752656
360,0.011218029626850354
361,0.010992357803319218
362,0.011070990749492736
363,0.01101470807709305
364,0.01108605865294398
365,0.010912229827905105
366,0.011490914856194186
367,0.01050977318910724
368,0.01110660495489078
369,0.010802417484475142
370,0.01101118611108701
371,0.01107582131842688
372,0.010768879406248866
373,0.011021912587269887
374,0.010890271147649925
375,0.01051974783935663
376,0.010993381654370134
377,0.0109575594443891
378,0.010755483147893416
379,0.011256507301892517
380,0.011091310152057873
381,0.010750812411276718
382,0.010522281873371389
383,0.01079120835036797
384,0.010710896876782684
385,0.010509496152211549
386,0.010656842622527127
387,0.010530745006813589
388,0.010452228314164331
389,0.010257117947468818
390,0.010685164619521317
391,0.010746263034673314
392,0.010468247212406438
393,0.010546286231285687
394,0.010727335548943888
395,0.010353750513740262
396,0.010390514093530128
397,0.010360958176996496
398,0.010576268492298107
399,0.010206905781622913
400,0.010309301778453133
401,0.010292453675578206
402,0.010169258080738581
403,0.010786091889081112
404,0.010600475472066615
405,0.010537150765816539
406,0.010400860996569618
407,0.010696120698289093
408,0.010810609685920052
409,0.010403795661089026
410,0.010488193955714419
411,0.010463784148885031
412,0.01061564989751047
413,0.010372285194442435
414,0.010159660312268188
415,0.010372788258591446
416,0.01048158377140634
417,0.01027259474493942
418,0.010496647965352414
419,0.010259358397827057
420,0.009915514537370053
421,0.01070552553302782
422,0.010047580277294679
423,0.010120883891832525
424,0.010402212223290639
425,0.010503929021563066
426,0.01012027097108253
427,0.010381302362213195
428,0.009683217174547204
429,0.010211264118710059
430,0.010259507598860537
431,0.010266053569266352
432,0.009814897978331074
433,0.010256707920866498
434,0.010420266065304563
435,0.010339806870541583
436,0.010255112332465538
437,0.010501043042325872
438,0.009836708061333936
439,0.009716138875080367
440,0.009722595024159399
441,0.010162658701350882
442,0.010299153231336908
443,0.009997155556802527
444,0.00997809462754403
445,0.010374309321455026
446,0.010140635108701506
447,0.010265140174651298
448,0.009779040236026049
449,0.010353938041065457
450,0.010065192494825539
451,0.010241850397660065
452,0.009937406951656281
453,0.00995514887953335
454,0.009907303026766848
455,0.009889468199462962
456,0.009757831783460106
457,0.009814626371519546
458,0.009859886107240187
459,0.010068793228622211
460,0.010163884120598689
461,0.0097327527897906
462,0.009669269790273096
463,0.009647529457806277
464,0.01019677851680603
465,0.009457447301691114
466,0.009906805491359052
467,0.009751446714814184
468,0.00971741292436244
469,0.009882497715653252
470,0.009777250900959312
471,0.009182302206281131
472,0.009847399952300525
473,0.010145184587908246
474,0.009539958571036488
475,0.009820449971041437
476,0.010118864622693194
477,0.00963975191984515
478,0.009661961899344193
479,0.009994964229763818
480,0.009838103703459946
481,0.009831834608152255
482,0.009925726161859298
483,0.00961822738586846
484,0.009846160780259613
485,0.009655682164859973
486,0.009885260164421998
487,0.009717265364982314
488,0.010009206610463433
489,0.010049860174688747
490,0.009817460867560517
491,0.009877046112413123
492,0.009687055214071425
493,0.009898781579114118
494,0.009697878697760781
495,0.009847595897045428
496,0.009547487445870194
497,0.009872293707488452
498,0.009428192352307803
499,0.009655273345819974
500,0.009501961051975772
501,0.009873443661983741
502,0.009493407647330629
503,0.010054448797067597
504,0.009474880807890983
505,0.009696631060944776
506,0.009632558538183823
507,0.009500256254164091
508,0.009427519550673285
509,0.00958696247662528
510,0.009514803070795991
511,0.009662827938574097
512,0.00970275790856804
513,0.009861774541342915
514,0.009200135328791152
515,0.009273945701198053
516,0.009260077510913045
517,0.009830118216163778
518,0.00937428958792934
519,0.009347059452211705
520,0.009107371867176587
521,0.00932357192307837
522,0.009344896629168573
523,0.009443525138105882
524,0.009343249222137412
525,0.00947099506965507
526,0.009370594573507116
527,0.009143348530692569
528,0.009685192395285782
529,0.009181021925819627
530,0.009355433403624821
531,0.00924023475608457
532,0.009411341668564385
533,0.009560057589531703
534,0.00949382876298564
535,0.009541651818080473
536,0.009168877921430237
537,0.009552823482239145
538,0.009542426212801266
539,0.00962176971074383
540,0.009737116410949473
541,0.009502009970088631
542,0.009676090911251762
543,0.009033849072184855
544,0.009217933238626031
545,0.009247356360793997
546,0.009130603886383065
547,0.009415487865364905
548,0.009357454926091231
549,0.009408055289680044
550,0.008941934751820261
551,0.009538671199106058
552,0.009602169754867584
553,0.009123772138066717
554,0.009342033850123822
555,0.00912780542384391
556,0.008985227313271518
557,0.008877125454245734
558,0.009082498399824914
559,0.00859392044860554
560,0.00924282471680919
561,0.009467875553389727
562,0.009265421226746956
563,0.009396569298233017
564,0.008687782843234175
565,0.009315822936468205
566,0.00908173490473527
567,0.009341933681645383
568,0.009352404063851651
569,0.00945459839382793
570,0.008975041315938204
571,0.009423421597171385
572,0.009077248514740396
573,0.0091521572400579
574,0.008881531288784187
575,0.008989492620704538
576,0.009548797978530242
577,0.008803654142450226
578,0.008943345176719002
579,0.00915660317671501
580,0.009087813816869916
581,0.009458964122301442
582,0.009026735129182116
583,0.009376759269921962
584,0.009173260287429064
585,0.009177814632401629
586,0.009252694309136625
587,0.00883025412005767
588,0.009192695991151918
589,0.009186702231892337
590,0.009188838973957099
591,0.009164418646339642
592,0.008893799289303311
593,0.009070556196463058
594,0.009123516987251529
595,0.00905889693758119
596,0.008603601270528921
597,0.009062142277104874
598,0.009039103459977245
599,0.008928981684621865
600,0.008945274549552192
601,0.009042730377355621
602,0.008829814113550266
603,0.008971116422691335
604,0.008903882667517005
605,0.009054131766433939
606,0.009349246836914602
607,0.008512517488640497
608,0.00925018182182211
609,0.009149239793167277
610,0.008763579470184395
611,0.008901680168553682
612,0.0087242798003668
613,0.008886595173754681
614,0.008717571554894922
615,0.008773862806511885
616,0.009074436023168393
617,0.008945434472634125
618,0.008879012755765501
619,0.009076646698828218
620,0.008624494280981816
621,0.008747416808885538
622,0.00849606864296405
623,0.008729907182850322
624,0.008731879889807207
625,0.008714914665225957
626,0.009224768949009605
627,0.008826964301988482
628,0.008988484270649693
629,0.008697701041918185
630,0.008859061762311701
631,0.008654357956217254
632,0.008826778704395234
633,0.00900824959942345
634,0.008996850834622726
635,0.008580560219805624
636,0.009035149383974277
637,0.009151520369321866
638,0.008711872618424437
639,0.008784481643904316
640,0.008597945399834947
641,0.008773628357892572
642,0.008382236987541793
643,0.00861515463487703
644,0.00889885557373449
645,0.008687236863267372
646,0.00856759706196391
647,0.008475653685124243
648,0.008872704872451091
649,0.008322446417631739
650,0.009083254562722425
651,0.00897430855054724
652,0.008545915280484546
653,0.008749728829015866
654,0.008792317851241363
655,0.008294460091392621
656,0.008792163859421418
657,0.008267075758648374
658,0.008460230935933226
659,0.008878587831948268
660,0.008508105669565245
661,0.008619602331575953
662,0.008649865903307572
663,0.008779632535336887
664,0.008607507418935834
665,0.00845257445017539
666,0.008453574903719759
667,0.008370093105487147
668,0.0087248923896291
669,0.008525067419445111
670,0.008613725465138332
671,0.00860944668904452
672,0.008067697957473792
673,0.00854066404182527
674,0.008662795131015828
675,0.008622142648071809
676,0.008588855600742212
677,0.008344698275076383
678,0.00841472408008146
679,0.008785821984806177
680,0.00870122392346167
681,0.00827194858634434
682,0.008353595381160662
683,0.008414445306821648
684,0.00831249379947529
685,0.0084167868569809
686,0.008654673674570049
687,0.00838915542383694
688,0.008401124304065765
689,0.00827058258277001
690,0.00910493868434707
691,0.008354460540369658
692,0.008474828276814799
693,0.008480219685440977
694,0.008466584138351224
695,0.008378496705317649
696,0.008523259410571497
697,0.00818936842872556
698,0.0081931426331906
699,0.008605108738450681
700,0.008721604970899426
701,0.00818265247813789
702,0.008469896801447465
703,0.00843088633096698
704,0.008407022204186957
705,0.00839680458924149
706,0.008414367273039484
707,0.00849439736289935
708,0.008575880023950742
709,0.008158949412942186
710,0.008587308823904497
711,0.008177907555364072
712,0.008386316547422843
713,0.008311602886829335
714,0.00846001563072836
715,0.008587861555959966
716,0.008439725987076506
717,0.008594985715887052
718,0.008517467835128812
719,0.008460429041267578
720,0.008276112515763458
721,0.008414845254619495
722,0.008449445312874298
723,0.008245298867824219
724,0.008505484850887778
725,0.00828850704197914
726,0.008369771783413776
727,0.008349774468500736
728,0.008366999646522483
729,0.007984620578176642
730,0.008808414830621017
731,0.008082754921831064
732,0.008153036947093777
733,0.008090147357907588
734,0.008155249248621828
735,0.008024203666028077
736,0.008267879624203858
737,0.008310193197912204
738,0.008270009576690272
739,0.008307862912415195
740,0.007961552795338429
741,0.008181051209063853
742,0.008470066398839956
743,0.008093544727949015
744,0.008237152028892
745,0.007921049024088907
746,0.00835174358039463
747,0.008302036173625897
748,0.008338805516960762
749,0.00829153235654457
750,0.008034517844523288
751,0.008170175492384676
752,0.008158329972934168
753,0.008019570367789622
754,0.008350731595813975
755,0.00842060549855548
756,0.008313440185008665
757,0.00826295604929328
758,0.008184764747334233
759,0.016482624462095356
760,0.007675275257867524
761,0.0077130927613510165
762,0.008033911350293684
763,0.008475622245094787
764,0.007973427473867343
765,0.007971622921936846
766,0.008176793034535721
767,0.007852324310263966
768,0.0077276224945277226
769,0.008426321926921353
770,0.008174787460968403
771,0.008111652750442972
772,0.007963525091881975
773,0.007936751781726035
774,0.008103944880145965
775,0.007930619442851235
776,0.007939049599187101
777,0.007946210611469539
778,0.008024920750867134
779,0.00831037154026582
780,0.007980589352358701
781,0.008078614056457654
782,0.008017125874915617
783,0.007871470429887206
784,0.008146779144072306
785,0.008253413856313643
786,0.008091133295053269
787,0.008052012638457246
788,0.00791690678540933
789,0.008098465990338284
790,0.007916923837294266
791,0.007729372313498693
792,0.008070649583113649
793,0.007742454491208418
794,0.008012930882336983
795,0.008089585620436376
796,0.007713179009319362
797,0.007848617036716413
798,0.00790904389133961
799,0.00809999305155065
800,0.007833000098876023
801,0.008248906551023661
802,0.00786600933978492
803,0.007837548682276728
804,0.00827053471831447
805,0.007937539899642816
806,0.007864795380540319
807,0.00822354339544614
808,0.00797779755903629
809,0.007951472282125536
810,0.007725745246161596
811,0.007938660337921169
812,0.007707001067208663
813,0.008210750071773841
814,0.00793881249866622
815,0.007600232615467098
816,0.007856131602331238
817,0.007796547434813643
818,0.008059306969960867
819,0.007783300280807761
820,0.008127101965374866
821,0.00768706322868623
822,0.008016512330653052
823,0.008002591550239694
824,0.007526287593941946
825,0.007682700607909868
826,0.007963833199829747
827,0.007836274502767344
828,0.007641927193124163
829,0.007930384546328904
830,0.00806749111507088
831,0.007682216959468768
832,0.008422101090141272
833,0.007864937766344619
834,0.00829244355702678
835,0.007865630319121025
836,0.00793103008112728
837,0.008002122473445231
838,0.007793214254996786
839,0.007939001209876043
840,0.00830476251983289
841,0.007878664154875077
842,0.007528658265689925
843,0.008370181494313528
844,0.007434360335691501
845,0.007711927702461006
846,0.007622204383566849
847,0.007609822130288487
848,0.007681179150418079
849,0.007641623309671374
850,0.007743758603267498
851,0.0076462756802911985
852,0.007852309130889884
853,0.007849383501383334
854,0.0076815597476216696
855,0.00796920158584618
856,0.00805385900519283
857,0.007762027377562629
858,0.008100632917514797
859,0.00777643730950747
860,0.007926705226270576
861,0.007428954339633554
862,0.0076016114109148415
863,0.007587176708157285
864,0.007657549022381209
865,0.007667442247018976
866,0.007726615042252056
867,0.007519821975759025
868,0.007662551957024735
869,0.007804230198863957
870,0.007881496922444489
871,0.007536751516084424
872,0.007625609336389324
873,0.007716835871086282
874,0.007813459232654738
875,0.007658950739808507
876,0.007691295365645092
877,0.008037008216872938
878,0.007802479539334901
879,0.007710429277444668
880,0.008342474503679422
881,0.007821857021584853
882,0.007691474378866665
883,0.007837988700622977
884,0.0077799052331533475
885,0.007662908367465361
886,0.0076813464155578515
887,0.00777403820282385
888,0.007699671996583752
889,0.0076662870439685
890,0.007435932956730663
891,0.008012965939133981
892,0.007452695675873024
893,0.007163104427567983
894,0.007671905799879361
895,0.0076208345915617075
896,0.007698669690259938
897,0.007549734949923547
898,0.007608287052204043
899,0.007710554416023068
900,0.007606807993567091
901,0.00726058143309428
902,0.00763370182909766
903,0.007590781360612077
904,0.007572099738122927
905,0.007361951795154077
906,0.007700424698591864
907,0.007558308855504177
908,0.0076411991257820345
909,0.007854508725389585
910,0.007571085415370131
911,0.007511219688517563
912,0.007820193758392232
913,0.00783794730017751
914,0.007643772166822169
915,0.007388359123162168
916,0.007900403496825088
917,0.007617156960512117
918,0.007584198314885972
919,0.007694839655768947
920,0.007634172598847141
921,0.007850932758459347
922,0.007618489250998502
923,0.007737252916509317
924,0.007268415296339761
925,0.007803284468413409
926,0.007395845983903539
927,0.007750686520505381
928,0.00798369920417919
929,0.00735694038192347
930,0.007783285724946251
931,0.007503202512576166
932,0.007467013913980227
933,0.007420003043203536
934,0.007398567564974902
935,0.007544303034684795
936,0.007769648179064615
937,0.007486245456798855
938,0.007156993633420285
939,0.007391959413002103
940,0.007635250527774758
941,0.007158359084515122
942,0.00753733468778684
943,0.007679119347042199
944,0.007410520170736364
945,0.007314507178646528
946,0.007483197514251885
947,0.007162185709418381
948,0.007667347151486171
949,0.007313302189301131
950,0.007245182006430449
951,0.007578167732868154
952,0.007202685899416901
953,0.0071301905465927925
954,0.007510376004975731
955,0.007471674023259242
956,0.007167898742008513
957,0.007297111866537923
958,0.007718737633756788
959,0.007218113843888297
960,0.007138627595110338
961,0.007440413356269315
962,0.007174890190441856
963,0.007638148308368557
964,0.007348479087448726
965,0.0077241265739835165
966,0.007367432472627547
967,0.007487644380258428
968,0.007330579270798145
969,0.007124888051648514
970,0.007676277617466146
971,0.007577345572348873
972,0.007055057698103078
973,0.007160831820930086
974,0.007657592543953304
975,0.007403011905360904
976,0.0073183875242879585
977,0.007190479600991485
978,0.007534285590952357
979,0.007275836498839623
980,0.007656905500186702
981,0.0077192332986268705
982,0.007367839178433484
983,10.567027364095862
984,0.006360919617305873
985,0.005911370993875977
986,0.007914836654613205
987,0.007455040850692382
988,0.0073962685616560655
989,0.0076133994271157905
990,0.0071386748104024745
991,0.007086099656219831
992,0.0073968554014276905
993,0.007346032570132007
994,0.007273070147197883
995,0.00728210916750575
996,0.007459118798517196
997,0.00702586104911831
998,0.007048754398395323
999,0.007255351902932813
1000,0.0070555050210174865
1001,0.007295445838974694
1002,0.007198120767282227
1003,0.0069591264374617295
1004,0.007503508657248596
1005,0.007055527939050758
1006,0.0070125960658099186
1007,0.007114448722736057
1008,0.007260476495533929
1009,0.007199333836640216
1010,0.007172044025244728
1011,0.006979509761904256
1012,0.007305473631831928
1013,0.007229962808443076
1014,0.007213508759593686
1015,0.007102173289394606
1016,0.007333786550404156
1017,0.007217318419430216
1018,0.007263656687859635
1019,0.007269344799678331
1020,0.006969248366905219
1021,0.007321907791419555
1022,0.007188061737629064
1023,0.007037175302314809
1024,0.007393692328073716
1025,0.007260286535325823
1026,0.007305379491299391
1027,0.007164094543826403
1028,0.007077035997299698
1029,0.007147844312554699
1030,0.007349670973164424
1031,0.007370575297608087
1032,0.007300121532121705
1033,0.0072795588136413845
1034,0.0072402822611443065
1035,0.007272726856172085
1036,0.007201721856244288
1037,0.006883809808641672
1038,0.007287457932607602
1039,0.006690737309913009
1040,0.007327211626126605
1041,0.007404298606423377
1042,0.0072527847457992825
1043,0.006951990428822652
1044,0.007283447602353358
1045,0.007504828637307983
1046,0.007358139670864379
1047,0.00718923893330966
1048,0.006646036401280533
1049,0.007102878784003146
1050,0.00681093070948086
1051,0.0073247885812957915
1052,0.007639925877595225
1053,0.007124032564776934
1054,0.006886321173238931
1055,0.00696705962270814
1056,0.007384975642060577
1057,0.007055431495862618
1058,0.007021692163168879
1059,0.007334156200621214
1060,0.006937170726783826
1061,0.0069748010442955265
1062,0.00676230316334483
1063,0.007069431600492384
1064,0.007219411379468264
1065,0.007147255700902413
1066,0.007245571500527025
1067,0.007075316900134844
1068,0.007019347544775297
1069,0.007049201062280621
1070,0.00700096945451983
1071,0.007059656638036467
1072,0.006620510226762775
1073,0.006945656170531855
1074,0.007691678675917624
1075,0.007077230296444969
1076,0.007166194044827026
1077,0.007145409610406574
1078,0.00693690347272145
1079,0.0070232023974343884
1080,0.0068654734266416755
1081,0.006978037333021225
1082,0.007091355859301984
1083,0.006928957302233804
1084,0.007122366063659853
1085,0.006902970565025205
1086,0.007076314814246686
1087,0.006848475694561661
1088,0.00707050536609239
1089,0.0069241951894551765
1090,0.007021256696859027
1091,0.0069387909301193585
1092,0.007215825091037205
1093,0.007085883433504378
1094,0.007058045726222128
1095,0.00683402522246085
1096,0.006913053749871077
1097,0.007040260584582969
1098,0.00684104291169699
1099,0.007002221947235955
1100,0.00702999762290994
1101,0.007111510127719681
1102,0.006577422627311011
1103,0.007186270843780899
1104,0.006739437601813194
1105,0.007049590568216044
1106,0.006957667562084557
1107,0.006703859856115433
1108,0.007129009594051641
1109,0.007352835559917582
1110,0.007017093586293444
1111,0.007166508966030837
1112,0.006898269536747139
1113,0.007176273206438301
1114,0.007347732419305939
1115,0.0066336066268731725
1116,0.006968614734093643
1117,0.0070615543301169904
1118,0.006733155181884008
1119,0.0068586296283529476
1120,0.006859066300251979
1121,0.006931065532410422
1122,0.00661931264261573
1123,0.006770276667755413
1124,0.006713375685957528
1125,0.006892624532140918
1126,0.006890812910446045
1127,0.006988548148833847
1128,0.00711912148182233
1129,0.00655603232611981
1130,0.007010849445300587
1131,0.007013320443378288
1132,0.007325923401799242
1133,0.006594340652385253
1134,0.006759078969973755
1135,0.006563769596218431
1136,0.006684142291167025
1137,0.006898433682350915
1138,0.006792842025742314
1139,0.006806067636994235
1140,0.006546955563569978
1141,0.006873337492757177
1142,0.0070522513429997335
1143,0.006889432692363606
1144,0.0066269062601534996
1145,0.00653101013326165
1146,0.007013292207729892
1147,0.006916061619896505
1148,0.006909458284361004
1149,0.006548617775078421
1150,0.006712127940618764
1151,0.006790731490936951
1152,0.006973338615291326
1153,0.0065887376855490575
1154,0.006740667511930026
1155,0.006582226266816132
1156,0.006754431615078474
1157,0.0071831034985765565
1158,0.006729640390218819
1159,0.0065533563364455006
1160,0.006884806690800746
1161,0.006877590475951211
1162,0.006917402736242797
1163,0.006491436500702117
1164,0.006544209073566027
1165,0.007060131482322211
1166,0.006771945710278163
1167,0.006462766648806884
1168,0.006902675984932457
1169,0.006690270324648058
1170,0.007044309181934696
1171,0.006648519208607406
1172,0.006918531562343745
1173,0.006816526002771521
1174,0.006987380976709774
1175,0.006656402471412162
1176,0.006883513549405892
1177,0.006986011881223422
1178,0.00697254578156744
1179,0.006940424083179589
1180,0.007002779093207949
1181,0.006754231412295189
1182,0.006640903768129647
1183,0.006449088140517094
1184,0.006833384046331048
1185,0.006954530913035496
1186,0.006805102632901931
1187,0.006751185837517477
1188,0.0065294118752008525
1189,0.006636219266880998
1190,0.006511513579842019
1191,0.006642851491174582
1192,0.006706302971736986
1193,0.007953682715089012
1194,0.006601399791395387
1195,0.006914492392659945
1196,0.0069744715179016785
1197,0.006673662840404501
1198,0.006752144531504709
1199,0.006587446763937883
1200,0.0070198823449249236
1201,0.006661159252763679
1202,0.006978694714558453
1203,0.006721786959333566
1204,0.006633488098317284
1205,0.0066997654799182535
1206,0.006872789263409578
1207,0.006751847741493987
1208,0.006749860555628094
1209,0.006506038178547712
1210,0.006766490069991451
1211,0.006628175698204944
1212,0.006558851883509907
1213,0.006844976208551581
1214,0.006708629293193631
1215,0.006741507107123606
1216,0.0064959642536527775
1217,0.006737847968351917
1218,0.006409887731533056
1219,0.006324209405061931
1220,0.00663143549887937
1221,0.006669567696655453
1222,0.006397382190482596
1223,0.00650517683144722
1224,0.006708155626873091
1225,0.006564989508429574
1226,0.006453242729086492
1227,0.006628176702533738
1228,0.006614578404400687
1229,0.006694495810148448
1230,0.006556127096084341
1231,0.007171866000566821
1232,0.006524142505348486
1233,0.006610845939761375
1234,0.006606377217271444
1235,0.006771438107904741
1236,0.006481844817398716
1237,0.006563196015954649
1238,0.006328018978080254
1239,0.006389280058980241
1240,0.006586716463000087
1241,0.006834822523376068
1242,0.006442664408172339
1243,0.00636666732587678
1244,0.006672248605370395
1245,0.006418002954826264
1246,0.006538914447508247
1247,0.006806873761796219
1248,0.00640700334659383
1249,0.006633185019906042
1250,0.006314059739174731
1251,0.006442751883434416
1252,0.006361846784445442
1253,0.00656409221464547
1254,0.006355231951417054
1255,0.006503509906104813
1256,0.006977813965562037
1257,0.006453757898455833
1258,0.006879796496971305
1259,0.006658680936305831
1260,0.006274682201318822
1261,0.006808985685692879
1262,0.006468670720913274
1263,0.006808184679218773
1264,0.006300902651165122
1265,0.006480109741737656
1266,0.006312850004425115
1267,0.006327852413405554
1268,0.006536387372761965
1269,0.006352872232575033
1270,0.0062907329815739795
1271,0.00649660307779845
1272,0.006539933821502126
1273,0.006612294331840161
1274,0.006259051944776359
1275,0.006423206165259294
1276,0.006413901990311125
1277,0.006696601546274782
1278,0.006204808243329369
1279,0.006622807247074858
1280,0.006753354039343106
1281,0.006477656059945791
1282,0.006471465511436937
1283,0.0067365089080185965
1284,0.006581344566765731
1285,0.006396204412725391
1286,0.0064423420719044696
1287,0.00634455392768575
1288,0.006726907727987332
1289,0.006343192468255253
1290,0.006648613970679373
1291,0.006236341158401663
1292,0.006471148323094062
1293,0.006399378070007946
1294,0.006211653543178434
1295,0.006501647673342061
1296,0.006168383576165316
1297,0.0064491058021026145
1298,0.006326382977777492
1299,0.006453173351474106
1300,0.006832009447754314
1301,0.006472558603953507
1302,0.006150250299439087
1303,0.006376909101934378
1304,0.006401781888552389
1305,0.00639879303368724
1306,0.006315174364579557
1307,0.0064752406965530775
1308,0.006184718382181757
1309,0.006581316191024321
1310,0.0064441464857150944
1311,0.006178714072536993
1312,0.006434291467007439
1313,0.006010996124517741
1314,0.006491067047799164
1315,0.0060659274537810835
1316,0.006370865278166987
1317,0.006462740820390567
1318,0.006278948738018714
1319,0.006172985797432267
1320,0.006184709903594675
1321,0.00621004111401863
1322,0.006272108163842458
1323,0.006165229928506128
1324,0.006418133079532092
1325,0.006262317755638416
1326,0.006250907333520383
1327,0.006436891838024228
1328,0.006517320383987311
1329,0.00627053395047847
1330,0.006317839642071118
1331,0.006534793749609489
1332,0.006204630311389091
1333,0.0061410928512055235
1334,0.006464482588946062
1335,0.00646699397130159
1336,0.006250904012724
1337,0.006952619235331224
1338,0.005867405285490519
1339,0.006361214017842786
1340,0.006428411317263114
1341,0.006142654923832644
1342,0.006436153958251668
1343,0.006023721826673186
1344,0.006320010527368572
1345,0.006136052087501828
1346,0.006527770606611492
1347,0.006094310961474302
1348,0.005840817452566225
1349,0.006500803794459266
1350,0.006526384954498607
1351,0.006196890438717427
1352,0.006170182717743062
1353,0.006023841586469089
1354,0.005907686973795674
1355,0.006162026099923809
1356,0.0062863274035438645
1357,0.006684136910411387
1358,0.006197609547999198
1359,0.005881583908083454
1360,0.006200877089305955
1361,0.006096823535607023
1362,0.006189471554658297
1363,0.006116618719977974
1364,0.006418644543342545
1365,0.005992962931424884
1366,0.006313131622954319
1367,0.006039368663519873
1368,0.006440198469228285
1369,0.00659601686135629
1370,0.006298674096874261
1371,0.006294683219817609
1372,0.006240896440616225
1373,0.006119034073504982
1374,0.006298657824380039
1375,0.006401746950143853
1376,0.006087245143381721
1377,0.006399801034496119
1378,0.006060391423781797
1379,0.006025810958817601
1380,0.006041587699378319
1381,0.006090064876381371
1382,0.005983454544270821
1383,0.006129473501074491
1384,0.005962998556936065
1385,0.006354192911126351
1386,0.006003231475113938
1387,0.006052773858231129
1388,0.0061256039011592074
1389,0.0061504486829863265
1390,0.006377111978323783
1391,0.006198346291242515
1392,0.006261215109172893
1393,0.005984810392088178
1394,0.006218681690062128
1395,0.006535403333777972
1396,0.006004505360625305
1397,0.006120328025860807
1398,0.006215467273604946
1399,0.005985184091190665
1400,0.00607496315921199
1401,0.0063886607886623524
1402,0.006345031796796721
1403,0.006366718797234155
1404,0.006161143975648082
1405,0.006162538998207803
1406,0.006266973967963861
1407,0.006294068765937019
1408,0.005952529378345836
1409,0.00618955484291507
1410,0.0059467545726289185
1411,0.006118830131619411
1412,0.005937069958328443
1413,0.006103022554810396
1414,0.0058782851536584605
1415,0.006095845962606244
1416,0.005998344361876785
1417,0.006034147357410293
1418,0.006209749142418348
1419,0.006130182645993971
1420,0.005952816685440682
1421,0.005754240460977968
1422,0.006280211090520656
1423,0.005839235802433627
1424,0.006155216515900851
1425,0.005685247944557439
1426,0.006209701062890433
1427,0.006081799181351848
1428,0.006065259075928795
1429,0.0059537264494762075
1430,0.006084210030197845
1431,0.006258497231687277
1432,0.0062279507667773355
1433,0.006271735171124466
1434,0.005896825013855882
1435,0.005966404583147269
1436,0.006072014572209347
1437,0.005894328603694625
1438,0.006008187190519046
1439,0.0062806033627998276
1440,0.005876673079664045
1441,0.005902075502721561
1442,0.006123280930096063
1443,0.005867185637402206
1444,0.005894058241935099
1445,0.006005370598759944
1446,0.005785715712976279
1447,0.006101338950506711
1448,0.0060644792669089665
1449,0.0058071157733231024
1450,0.0059297319474014435
1451,0.005922546324130716
1452,0.005738744964049656
1453,0.006025655082647957
1454,0.0056851380346816475
1455,0.006125967016333114
1456,0.006175066330627996
1457,0.005863550740641431
1458,0.006064435674303795
1459,0.006103957608594733
1460,0.005860025181545545
1461,0.005997199077806357
1462,0.00590458087883574
1463,0.00590397226150637
1464,0.005678391610903634
1465,0.006246943076109609
1466,0.005920662874182276
1467,0.005858741943345611
1468,0.006042066184109298
1469,0.006073559223974155
1470,0.005928044730276501
1471,0.006164015505573381
1472,0.005781125028665035
1473,0.006179967082216073
1474,0.005970138292838582
1475,0.005856626063301149
1476,0.005933552128026041
1477,0.0060926093266077215
1478,0.005933046796737965
1479,0.005722556588776662
1480,0.0058029632466861
1481,0.0058997581551104026
1482,0.005978488655350471
1483,0.0058923498115707506
1484,0.006044497168859688
1485,0.00584158593970272
1486,0.005938747459706866
1487,0.0058217433565375155
1488,0.005933777139111722
1489,0.005838386495439809
1490,0.005943042291249386
1491,0.005939759921787654
1492,0.005731612966806328
1493,0.005717185679112829
1494,0.006055287306465335
1495,0.0059249582621505705
1496,0.005869869707089107
1497,0.005763663128965487
1498,0.005717140328438984
1499,0.006004723323651163
1500,0.005761659297681713
1501,0.00574210229905922
1502,0.005996744600282509
1503,0.005888969959075547
1504,0.0058849545282516945
1505,0.0059652332062596234
1506,0.005940145501172391
1507,0.0061558334993482644
1508,0.005755382676814067
1509,0.005709677774822182
1510,0.005696108618009267
1511,0.005845190495473601
1512,0.005868574969423146
1513,0.005809592014036568
1514,0.005787660107332266
1515,0.005610022218345459
1516,0.005729088719571167
1517,0.005655257666672943
1518,0.0057619529425056056
1519,0.005520660816928593
1520,0.005863113995736181
1521,0.005676137510355625
1522,0.005651068561947194
1523,0.005710952179269644
1524,0.005472693661369888
1525,0.006044288546683551
1526,0.005756276452487682
1527,0.005808952300004282
1528,0.005633431392074641
1529,0.0055489972395569844
1530,0.005670834206423517
1531,0.005697124915876252
1532,0.005791304086461284
1533,0.00580185904538543
1534,0.005587156850181647
1535,0.005716557125166311
1536,0.0057509003159732135
1537,0.005796800521439162
1538,0.005611033510353605
1539,0.005657355691764062
1540,0.005776925192025127
1541,0.005591651140633276
1542,0.006223428130181411
1543,0.005489298606180917
1544,0.005736310033017169
1545,0.005761723067627241
1546,0.0056432789602017
1547,0.005773078885039915
1548,0.005916935829761423
1549,0.005671566158880369
1550,0.005819871757274209
1551,0.005799434380605817
1552,0.005683506896198428
1553,0.0058492236312920765
1554,0.005893352407946298
1555,0.005731217164577821
1556,0.005624444296946592
1557,0.0055965387293974225
1558,0.005418136662614169
1559,0.005621194892752347
1560,0.0058491628802523525
1561,0.005258517777862943
1562,0.0057792188007763385
1563,0.0055414106187773714
1564,0.005588212827915105
1565,0.005682068052149172
1566,0.005699531046942003
1567,0.005303864817182391
1568,0.005557845753096676
1569,0.005657557867688395
1570,0.005766628347574023
1571,0.005512723340100403
1572,0.005921704430227815
1573,0.005621669415416101
1574,0.005591152003034949
1575,0.005567402622299426
1576,0.005503192549902882
1577,0.005412810997074565
1578,0.005534337968683912
1579,0.005626618684569405
1580,0.005931511616050187
1581,0.005518472364756389
1582,0.005548155637678958
1583,0.005627401520387601
1584,0.005518068099725928
1585,0.005529856644728679
1586,0.005447878111627395
1587,0.005853158536256622
1588,0.005412267838699459
1589,0.0053795288372153445
1590,0.005508854537334104
1591,0.00546393050591193
1592,0.005560889005487375
1593,0.005581037646506803
1594,0.005521704505939605
1595,0.005541382921796481
1596,0.005590986436769619
1597,0.00558786216128807
1598,0.005803589391427399
1599,0.005391491983496284
1600,0.005633903473962919
1601,0.005684648831848497
1602,0.005518060485374624
1603,0.005645318189635873
1604,0.005503249380311345
1605,0.005636337290170713
1606,0.005420471306779753
1607,0.005331657161951949
1608,0.005161113410564613
1609,0.005528334463094124
1610,0.0053664513003333645
1611,0.005468863551899538
1612,0.005686732109683424
1613,0.00541584866942238
1614,0.005425611948910154
1615,0.005595907152598819
1616,0.005144342105298982
1617,0.005497392517577668
1618,0.0054332238061637695
1619,0.00545772612568433
1620,0.005337586369902148
1621,0.005688948507452289
1622,0.005345012935399377
1623,0.005348551602071246
1624,0.21248039403551464
1625,0.005234753705119177
1626,0.0053033390757233154
1627,0.00541051024555276
1628,0.005637647957004354
1629,0.0054643537446667076
1630,0.005628744384936862
1631,0.005600020875443972
1632,0.005624562517692477
1633,0.005551241326414175
1634,0.005393358239493632
1635,0.005752730157652522
1636,0.005474353067071761
1637,0.005538381563136512
1638,0.005361844951255342
1639,0.005448307480931409
1640,0.0056424822985841816
1641,0.005293408379163909
1642,0.005689157188822657
1643,0.0055180358033532564
1644,0.005753401643201961
1645,0.005400055044693715
1646,0.0056534123634603825
1647,0.005288099098587566
1648,0.005235218596881476
1649,0.005338646471500397
1650,0.0051895431302077435
1651,0.005393238917735042
1652,0.005499938879777693
1653,0.005384909620476982
1654,0.005230925193893076
1655,0.0050682456990293525
1656,0.005578590665501937
1657,0.005291494505353651
1658,0.005397929391681643
1659,0.005426900694146752
1660,0.0053559673271315585
1661,0.005374287097257072
1662,0.0053114945195236445
1663,0.005263801074144825
1664,0.005637108634415446
1665,0.005387653867019561
1666,0.005215911206520967
1667,0.005449519782737529
1668,0.005126077898825377
1669,0.0051381298502654596
1670,0.005112795790625831
1671,0.005607919830639484
1672,0.005439164047918709
1673,0.005172503407713089
1674,0.005168971155722768
1675,0.005369693914949262
1676,0.005238089497374781
1677,0.005273730515786525
1678,0.0056913676000815835
1679,0.005062176913054565
1680,0.005412111218655639
1681,0.00513041887029816
1682,0.005208622024915481
1683,0.005238080280832946
1684,0.005238297580883412
1685,0.0055174989866534786
1686,0.005337576229930303
1687,0.005219435779046331
1688,0.005250084736794865
1689,0.005331837147932058
1690,0.005503626048991109
1691,0.005300466468463005
1692,0.005274411008724848
1693,0.005143452613314582
1694,0.005383264427310077
1695,0.005458545914488071
1696,0.005204268297085823
1697,0.00541402760032817
1698,0.005142103470230507
1699,0.00501462955311951
1700,0.0052026816016315655
1701,0.005116518000851117
1702,0.005272505106404424
1703,0.005427460273001659
1704,0.005260538558428318
1705,0.005213651656157384
1706,0.00510376034170326
1707,0.0050913620250836265
1708,0.005156025235241247
1709,0.005478309193168277
1710,0.005104163424822234
1711,0.0052946824126608545
1712,0.005282577478437353
1713,0.004985429488627588
1714,0.005193623700337011
1715,0.005203426896468184
1716,0.005318474444813269
1717,0.005082701518342404
1718,0.005352087766800265
1719,0.005262940985908322
1720,0.005047463340353284
1721,0.0053002836904883135
1722,0.005094537750218
1723,0.005012157302097244
1724,0.0052075402089
1725,0.005201508397615309
1726,0.0051461233938965255
1727,0.005386366672671826
1728,0.005227667530130406
1729,0.004981763278118382
1730,0.005041874621568595
1731,0.0050437635726342765
1732,0.005206339980743952
1733,0.005227257479850392
1734,0.004933002062528631
1735,0.004915033123787429
1736,0.005005370878803907
1737,0.005096206567802672
1738,0.005027250532786977
1739,0.005133997572001891
1740,0.00510005953216578
1741,0.0053901846492978725
1742,0.004913341433551731
1743,0.005146976457750898
1744,0.004914329385274421
1745,0.005332310494603747
1746,0.004890157564906246
1747,0.00487226107299833
1748,0.004762111699319113
1749,0.00480888599048416
1750,0.005069400296325527
1751,0.005146062486978658
1752,0.004808621181143543
1753,0.0050208090540116365
1754,0.005071593732652017
1755,0.005125741113245614
1756,0.00481808758774867
1757,0.0048814641659037546
1758,0.004994175773729586
1759,0.004785944182836151
1760,0.0049047538442379334
1761,0.005096589878075204
1762,0.005078369287884463
1763,0.004895815102904403
1764,0.004901458377065926
1765,0.004824258266727172
1766,0.0050668799381513715
1767,0.004823000586623231
1768,0.004806354738598279
1769,0.005171728233601582
1770,0.005131715198315807
1771,0.004836533936845549
1772,0.004788397351611342
1773,0.0047719355581833395
1774,0.004907218802530887
1775,0.004683348179550178
1776,0.005018966183681988
1777,0.004876613386085857
1778,0.004921471550113569
1779,0.004725294118605049
1780,0.004859410457202565
1781,0.004787480614495353
1782,0.004680833518820799
1783,0.004859150559010016
1784,0.005005052050780821
1785,0.004764659772232427
1786,0.004731138262471532
1787,0.004805023716841587
1788,0.004918822718752643
1789,0.004811904671349389
1790,0.004727927433184774
1791,0.004818898388894938
1792,0.004841160948656626
1793,0.004798174001102857
1794,0.004904891312974742
1795,0.004804656394930966
1796,0.004983709657454263
1797,0.004554928248842894
1798,0.00477009530423872
1799,0.004710681148473237
1800,0.004970432799783046
1801,0.0046878974348054095
1802,0.005020495987560411
1803,0.004807561592561967
1804,0.004658319910404162
1805,0.004909122496906479
1806,0.004627587309233465
1807,0.004708484947776138
1808,0.004774848360299937
1809,0.004631553658173751
1810,0.004796990857388572
1811,0.004637499693070806
1812,0.004710908789755934
1813,0.004761443102448169
1814,0.004972459176176433
1815,0.00476626476067734
1816,0.004543599889661043
1817,0.004859779586510385
1818,0.004794903486272541
1819,0.004789196067268692
1820,0.004806717360486924
1821,0.004691049574984838
1822,0.004818405158880909
1823,0.0045569115910300256
1824,0.004811901044716143
1825,0.004828085852550122
1826,0.004923970264903569
1827,0.005021203660516668
1828,0.004693369909931543
1829,0.004844472812630741
1830,0.004735476619532427
1831,0.004836112434454894
1832,0.004709869506768882
1833,0.004804749667281442
1834,0.004779881631987074
1835,0.004726885521973846
1836,0.00515442592352313
1837,0.004755324545963589
1838,0.004548183891930128
1839,0.004713915879404077
1840,0.004685170711728476
1841,0.004482872898579906
1842,0.004783774937218908
1843,0.004870072934555553
1844,0.004628920000267483
1845,0.004598516055335433
1846,0.004827101170322147
1847,0.004592753801755291
1848,0.004678242865523671
1849,0.004781207235498449
1850,0.004661998403716391
1851,0.004591703053832181
1852,0.00453406538601207
1853,0.004674562653605589
1854,0.004437489456781265
1855,0.0047256764640116085
1856,0.004731842577141725
1857,0.004438171567695247
1858,0.004887578564980146
1859,0.004564942957801839
1860,0.004532509453799891
1861,0.004459898794559225
1862,0.004603244593145989
1863,0.004453112811276342
1864,0.004716760332901347
1865,0.004460778967398456
1866,0.004597284833079804
1867,0.004334959521163571
1868,0.004686147317890141
1869,0.00443978521822936
1870,0.004404775259653264
1871,0.004531737462364895
1872,0.004515214389095367
1873,0.004270465271073883
1874,0.004539227695204318
1875,0.004469081881787565
1876,0.0043857964998805675
1877,0.004269508108244104
1878,0.0046080866852238524
1879,0.0045881814992260505
1880,0.004537120715999123
1881,0.004705527742093397
1882,0.0044170329998389395
1883,0.0044994347322321795
1884,0.004461211744317059
1885,0.004397089529971955
1886,0.0043323821184951495
1887,0.004442727337275647
1888,0.0044926396764467585
1889,0.004155568060291521
1890,0.004358685113710619
1891,0.004281171153583643
1892,0.004378131379657504
1893,0.004519840108499058
1894,0.004367406695086698
1895,0.004325944425190909
1896,0.004311383697914623
1897,0.004205434991567695
1898,0.00431520254272273
1899,0.004272220443176516
1900,0.004395057362409593
1901,0.004379185248103182
1902,0.004122554672826713
1903,0.0042543363268092525
1904,0.004279474433811413
1905,0.004262180832190976
1906,0.004282566245203301
1907,0.004338782406964545
1908,0.004305130435090701
1909,0.0041849611551990195
1910,0.004392038247453333
1911,0.004183024426496004
1912,0.004062866849303877
1913,0.004296953776077825
1914,0.004165142441121072
1915,0.004299101376337773
1916,0.004283669858507939
1917,0.004005441586171292
1918,0.004178958597703506
1919,0.00426566887891583
1920,0.0042333573110843615
1921,0.00434428633198584
1922,0.004470548543179313
1923,0.004012738723481484
1924,0.00422237032306207
1925,0.003966074620405117
1926,0.00427929041078472
1927,0.003812389469989654
1928,0.004144639153649115
1929,0.004081310134112708
1930,0.00394807096918003
1931,0.004022200483339444
1932,0.004040248151395028
1933,0.004230512764849463
1934,0.004039643412274387
1935,0.0041818961765522425
1936,0.0039340459654833805
1937,0.003958820357476756
1938,0.00423751112815561
1939,0.003952742264195645
1940,0.004052629731832293
1941,0.0041040598189900235
1942,0.003963187544101502
1943,0.004008729454777125
1944,0.003967302944116547
1945,0.003915787810633369
1946,0.00419111349185834
1947,0.003954647119764744
1948,0.0040723440410979726
1949,0.003950103949676505
1950,0.003974270018338525
1951,0.003977350026400665
1952,0.004119762691069331
1953,0.004080648723421461
1954,0.003960243340431697
1955,0.00370441030087423
1956,0.003929378911734448
1957,0.0037458603609732146
1958,0.0037007824955823817
1959,0.003896771419114607
1960,0.0039175691238951755
1961,0.003882198373518758
1962,0.0038154192507598487
1963,0.003862329656100374
1964,0.003871791181154549
1965,0.003945413094913682
1966,0.00383340811033307
1967,0.00394869589254702
1968,0.0038738495500568867
1969,0.0036722866253990493
1970,0.0037157887827715505
1971,0.003884508576386182
1972,0.0037120249698538396
1973,0.0038837469222371356
1974,0.0038169461482015074
1975,0.003716551182767913
1976,0.0037538185340778556
1977,0.0037160063659677565
1978,0.0035474923561658648
1979,0.003794213031789572
1980,0.0035566416918300092
1981,0.003680679492328821
1982,0.0037924283839193946
1983,0.003668147543745147
1984,0.0034932174623186177
1985,0.003658330381721637
1986,0.0035387914621871027
1987,0.0035676042119167366
1988,0.00355760025164365
1989,0.0036322790803782388
1990,0.0037052001650208386
1991,0.0036191177422228125
1992,0.0033191351448896072
1993,0.0034650650567974958
1994,0.003484625676133812
1995,0.003451165158135848
1996,0.0033793540373523484
1997,0.0032500365228092265
1998,0.003522631966793057
1999,0.0032501413952559233
2000,0.0033301518513757923
