1,0.40513095120757314
2,0.16591130809511168
3,0.12357213840646258
4,0.10211607333967242
5,0.08989735115003789
6,0.07988977204945127
7,0.07111272736752437
8,0.06740695588543254
9,0.0624765438043465
10,0.05781958271133698
11,0.05628717378160711
12,0.05443293699142286
13,0.050918140764332424
14,0.04868393853875035
15,0.04559838374034833
16,0.04496812110103793
17,0.043058540608923314
18,0.04165491756935746
19,0.04025726116625434
20,0.03868003641018423
21,0.03859916207838362
22,0.036872275726143586
23,0.036880173846700434
24,0.03670593557910899
25,0.0351989069732569
26,0.034711110595045454
27,0.03367526343060752
28,0.03363707899984162
29,0.032796452974237625
30,0.03176605401529094
31,0.03133133988259202
32,0.031108902593664195
33,0.030629061351893312
34,0.029852964268144915
35,0.030221913878064034
36,0.030256038263313852
37,0.02889066360006898
38,0.02811974032892514
39,0.02814909309085648
40,0.028051198554872456
41,0.027784281631268688
42,0.027361663468813493
43,0.02770664023582713
44,0.027586400871938567
45,0.026382078606067068
46,0.02550270648325904
47,0.026057646688768418
48,0.026316747842830116
49,0.026010106317698956
50,0.025636464120599174
51,0.025641856636157482
52,0.024595122752805888
53,0.025239038218002198
54,0.024394604724721384
55,0.024481615114767673
56,0.02462280028641729
57,0.023682881478157083
58,0.02417078491110923
59,0.02373007456850955
60,0.023602304088299053
61,0.02381826165305861
62,0.02388569011779155
63,0.023384131451721413
64,0.022728994267724328
65,0.023240757561525553
66,0.02271387528754392
67,0.023059116226573615
68,0.022364456869535528
69,0.02234052800399772
70,0.02267891855247445
71,0.021983270635986228
72,0.021469400485314555
73,0.022177433168862837
74,0.021418305129696755
75,0.021957998250816332
76,0.021689346494247853
77,0.02176798363137296
78,0.021742583591869827
79,0.020751993463895585
80,0.02064712231947204
81,0.021890960925779607
82,0.021404811394227258
83,0.020821338566809386
84,0.0200940259116686
85,0.01997054275125265
86,0.020608848244962046
87,0.020590578734685304
88,0.020409799315098485
89,0.020740899304717272
90,0.020845475448769028
91,0.020307317605021143
92,0.020320726542780967
93,0.019990311091039645
94,0.02029561435298647
95,0.019988565066418912
96,0.019966235131783
97,0.019891483211984574
98,0.0195941859619471
99,0.020193111743399147
100,0.020006229659005746
101,0.01939221713849801
102,0.019653105334836548
103,0.018983495989972253
104,0.01900610939394367
105,0.019444010125757274
106,0.019171706929613473
107,0.01975393538379063
108,0.019079182360131862
109,0.019332537372296645
110,0.019398344041369225
111,0.018735064548771767
112,0.019021002149556654
113,0.018671930728132946
114,0.01855123071473534
115,0.0188260165879787
116,0.01815438523130902
117,0.019043418381489433
118,0.019331090104908258
119,0.018696630878721254
120,0.019055016899197284
121,0.018309089560377394
122,0.018656643904682437
123,0.01843994458095502
124,0.017859306044371453
125,0.017931621932124688
126,0.018833295923610358
127,0.017909050058826047
128,0.01797853039293471
129,0.017747220614830316
130,0.018431603506018045
131,0.017814815699485904
132,0.018080882317686484
133,0.01767218426280355
134,0.017661829842096667
135,0.018396035144579107
136,0.017808761818618592
137,0.01758937966236371
138,0.0174571753684747
139,0.017505433402513548
140,0.017420708312321516
141,0.017398224614750026
142,0.016847204101287712
143,0.017782961468259664
144,0.017445156808500572
145,0.017485690618849407
146,0.017629740294069052
147,0.017774926174937162
148,0.01736775283717503
149,0.0170860838192373
150,0.01694039593182378
151,0.01693478565252686
152,0.017436106673489184
153,0.01706589593441557
154,0.01674434341395558
155,0.016680232383373936
156,0.01736633637446468
157,0.017386742496578875
158,0.017330745479754977
159,0.016349007233472195
160,0.016753177347956068
161,0.017310272333985667
162,0.01696706464577277
163,0.016922256049021322
164,0.016978992386010743
165,0.017062223184916934
166,0.016416346022890785
167,0.016554962883119362
168,0.016795736185069812
169,0.016804423206880435
170,0.016902471158527218
171,0.01640849318986727
172,0.016950885623188344
173,0.016345452840866175
174,0.01656514393576121
175,0.01650879147730894
176,0.01646956771422746
177,0.01634020870551467
178,0.016165867597811807
179,0.016096609163145394
180,0.016496871755916184
181,0.016518002652200096
182,0.016470864454631584
183,0.015952295102810456
184,0.01629241194449744
185,0.015744047310455877
186,0.016224621455737595
187,0.016189494201818765
188,0.01598568853401279
189,0.016264184630649575
190,0.015986735151165117
191,0.016304542965618736
192,0.015744156369907877
193,0.015985403367775982
194,0.015500373980503971
195,0.016369217683134946
196,0.015782242285687538
197,0.01578732683339109
198,0.015797212798842938
199,0.015981318563286027
200,0.0159897171434457
201,0.01528226244026574
202,0.0157458836181184
203,0.01603139123989869
204,0.01572107229287089
205,0.015882737839878616
206,0.015403709666393066
207,0.015553062876402322
208,0.01543418400115886
209,0.015146148714663113
210,0.015233739863260317
211,0.015829652279489122
212,0.015482985162002555
213,0.016045080789885785
214,0.015321717092420086
215,0.015263888440331665
216,0.0156454984730078
217,0.015867075283017198
218,0.015095182899701394
219,0.015366937270609
220,0.015278254272574085
221,0.015325074723400807
222,0.015749124904810372
223,0.01523096709496389
224,0.015753548268733892
225,0.015375140494019803
226,0.015053704917683439
227,0.014986082635251648
228,0.014767205255832208
229,0.015341879618433068
230,0.01531357124005839
231,0.01444855609403576
232,0.015480310340427746
233,0.01495967734352512
234,0.014864012362214468
235,0.01520403173862625
236,0.015089716935940719
237,0.014908435580841565
238,0.015093317949923418
239,0.014872860850103326
240,0.015358157179681427
241,0.015131036174815085
242,0.014491784828320399
243,0.015250727542186692
244,0.014506726288947008
245,0.01511258480407424
246,0.01521860578460461
247,0.014673726980463934
248,0.014984661358077142
249,0.014483725423214295
250,0.0150632010614973
251,0.015252061109295336
252,0.014855174663460861
253,0.01460221461888592
254,0.015039885045676413
255,0.014292158699452372
256,0.014574471427033008
257,0.014301338225161121
258,0.014308077930393865
259,0.01472419189383923
260,0.014527915732272096
261,0.014826485224194446
262,0.01484139300724965
263,0.014698816806677792
264,0.014221188999017921
265,0.01497979755750147
266,0.014549884692592135
267,0.014499286718477132
268,0.01464688470902837
269,0.014416536995036117
270,0.015148200465650376
271,0.014462737753292767
272,0.014480087108973224
273,0.014113737270236015
274,0.014897512556132624
275,0.013765495357308852
276,0.014350619735354083
277,0.01446647987843065
278,0.014212088619942888
279,0.01429913383198239
280,0.014144510038639023
281,0.014304779146371757
282,0.014228013494067777
283,0.014108333089467833
284,0.013817981951001842
285,0.014498552031246788
286,0.01393056242584677
287,0.014403816320444062
288,0.014228818385656608
289,0.01413849812253552
290,0.013937849764538518
291,0.014276324550352864
292,0.013605585519098124
293,0.013894229685351
294,0.013768169618511603
295,0.01426174527949701
296,0.013958674287265641
297,0.013796233950908912
298,0.013968610552029085
299,0.013794290801604926
300,0.014359894958403657
301,0.013854961842298508
302,0.014205149106555065
303,0.014159321745510324
304,0.013711630193106198
305,0.014047552807793275
306,0.01381415530439403
307,0.014370883909701291
308,0.014020473143811954
309,0.014047048812321687
310,0.014097825237313065
311,0.014114989978024515
312,0.013710803360188916
313,0.013966091356035007
314,0.013698192037073738
315,0.013841128331940558
316,0.013820513285759646
317,0.014060821478902284
318,0.013927473315684977
319,0.014258989827486418
320,0.01375937508419156
321,0.01384335468223287
322,0.013834531868855327
323,0.014377582936658192
324,0.014053706071828887
325,0.014280425913442495
326,0.01350520814027069
327,0.013971623080640526
328,0.014073602744709637
329,0.013516993964311936
330,0.014228747834025298
331,0.014298375356563572
332,0.01356050678355209
333,0.013820852437135527
334,0.013715500075180652
335,0.014088202520447263
336,0.013658982551640879
337,0.014011236973170001
338,0.013258674103072134
339,0.01356967870872152
340,0.014107329841955738
341,0.013538518589053113
342,0.013484701395855617
343,0.013803534312331575
344,0.013753625635310249
345,0.013735855842735303
346,0.013712943507895127
347,0.013432532604152368
348,0.014097127424142623
349,0.013565027502254915
350,0.01384871645625365
351,0.013620886825403924
352,0.013468225084055784
353,0.013287640768655781
354,0.013815530054902627
355,0.013358227285098726
356,0.013253206008319127
357,0.013371185218062947
358,0.01321551026539656
359,0.013751028342393496
360,0.013812901436398595
361,0.013459651210045411
362,0.013115687327364744
363,0.014106561390335783
364,0.01321199686282267
365,0.01341449055757563
366,0.013068682518077352
367,0.01395692153028765
368,0.013774047787222316
369,0.013307315344780178
370,0.013585588042387518
371,0.013274269091691507
372,0.01367290040193978
373,0.01368808571912222
374,0.013581858632170547
375,0.013313274743761552
376,0.013555134496635805
377,0.013210683461215537
378,0.012932217435248323
379,0.013173957268502248
380,0.013232439298624709
381,0.01357821634796969
382,0.013186376399786795
383,0.013305200634808358
384,0.013021291265169443
385,0.013170846398540978
386,0.013278269848265386
387,0.013277922804325314
388,0.013559775277025114
389,0.013142947731066053
390,0.013317346154570074
391,0.013288856594491813
392,0.012870747169827
393,0.013085766411307504
394,0.013176425174667926
395,0.013189805186179987
396,0.012860865359810196
397,0.013277020715808465
398,0.013325586733487198
399,0.013477944839998321
400,0.012766299011596179
401,0.01278786500915885
402,0.013252242105239528
403,0.013523539638746593
404,0.013277352795446827
405,0.013285911570981903
406,0.013577030359972583
407,0.013010609650321431
408,0.01276950427662518
409,0.012995707889292704
410,0.01323832607023039
411,0.013314457081447718
412,0.013899989465598837
413,0.01311378022340142
414,0.012740655462810044
415,0.012872952928419336
416,0.013332249644070359
417,0.012850420667900372
418,0.013053698133740384
419,0.012953081097201271
420,0.013312189247838016
421,0.012753800173305858
422,0.012938656560066392
423,0.01355559260473918
424,0.013368001120891107
425,0.012947933535265216
426,0.012713337238183466
427,0.013295676859127263
428,0.012991959347500134
429,0.013288878737080652
430,0.012910197528426424
431,0.012961675397167772
432,0.012466623455728009
433,0.012696914422183724
434,0.012825884516903405
435,0.012597595144189516
436,0.012982220980891232
437,0.013005418935790658
438,0.013435777233345277
439,0.013164168499978417
440,0.01268812352238949
441,0.012990054899384663
442,0.013011919555522628
443,0.012742641105679638
444,0.01312372155913736
445,0.012702522752017288
446,0.012812325328399064
447,0.012724379874702733
448,0.013361652788185215
449,0.012843905269341954
450,0.012745294041173943
451,0.012763662784660266
452,0.012658386530701891
453,0.013086867787070194
454,0.01283048783918306
455,0.012302670312129844
456,0.012701390050667323
457,0.012437867044108146
458,0.012800593738112662
459,0.012884963059134908
460,0.012708240433327727
461,0.012666871850142035
462,0.01240106992486675
463,0.01256666877464849
464,0.012926770950336073
465,0.012711577989571428
466,0.01305093271342122
467,0.012966438891145132
468,0.012783334337932578
469,0.012783164722781818
470,0.012536379994066843
471,0.012532428037217361
472,0.012637829431727275
473,0.013044320800641582
474,0.012441623300882214
475,0.01267691681919209
476,0.012461227755520051
477,0.012510133244223514
478,0.01280273290319463
479,0.01286604381718878
480,0.012400319121020326
481,0.01242458613952464
482,0.012468773776949462
483,0.012178748664525101
484,0.012465764342223183
485,0.012864776571297039
486,0.012582368746210458
487,0.013160939770356074
488,0.012508280902816835
489,0.012767069625778723
490,0.012740424376423075
491,0.012492814847126098
492,0.012490643267282995
493,0.012684194513170396
494,0.012751752230480818
495,0.012543477654709654
496,0.012585737860872078
497,0.012689710464486378
498,0.012608295077679016
499,0.012263531011324061
500,0.012750222087222136
501,0.01238844619464066
502,0.01275476180332697
503,0.012397565432997831
504,0.012534838603904187
505,0.012345044680287019
506,0.012464971506526158
507,0.012715218367718033
508,0.012186056366032464
509,0.012470043911519697
510,0.012693039110025107
511,0.012972084489666809
512,0.012191686503020889
513,0.012785669250445346
514,0.012244521679703966
515,0.012631947387767545
516,0.012270206159328
517,0.012561494003097385
518,0.01266539050660775
519,0.012368503535734647
520,0.012877300677631619
521,0.012385893135599919
522,0.012312674823895855
523,0.011969919730830243
524,0.012514777307919526
525,0.012636097084920285
526,0.012204696436144285
527,0.012600527535650437
528,0.012451959166170682
529,0.012304533269035361
530,0.012409010507418947
531,0.012540286517370556
532,0.012214425394816672
533,0.012134458309323606
534,0.012850267275915308
535,0.0121240045764815
536,0.012463177479330009
537,0.01262310532442594
538,0.012636502273380756
539,0.011888751839050802
540,0.012111072838937833
541,0.01236097168145796
542,0.012240099827206488
543,0.01213729704761783
544,0.01235916580752296
545,0.012881551387767165
546,0.012016830606764908
547,0.012591341794547389
548,0.01219598879500971
549,0.012441910858565972
550,0.01192706111439709
551,0.012244258225911249
552,0.01237557310279522
553,0.011975288158282638
554,0.012267667014877928
555,0.01229289919927211
556,0.012279409804712918
557,0.01255112268835685
558,0.01210726951880349
559,0.012285034073579866
560,0.012097963716013956
561,0.012253499463579412
562,0.012412399554751435
563,0.012075110725363937
564,0.012405403881823108
565,0.012036061245884936
566,0.012712522595331578
567,0.011954000918194652
568,0.01217741255995707
569,0.01214600904939412
570,0.01223958449406644
571,0.011885966012506919
572,0.012250817996465553
573,0.012065929372526579
574,0.0121495433712094
575,0.012243047293465016
576,0.012160486139167669
577,0.012401683974253425
578,0.012633621329599517
579,0.012236147246844435
580,0.012267257781478308
581,0.012229773464565307
582,0.012276692915770967
583,0.011688196633042673
584,0.011934189043023576
585,0.01221047933371264
586,0.012123435743595078
587,0.012474918264453695
588,0.012186941974875281
589,0.011873543361138742
590,0.012479112945276044
591,0.012272217689808143
592,0.012586193328912733
593,0.012363077835890196
594,0.01225703844990013
595,0.012062662214009185
596,0.012025870666918109
597,0.012183518772471254
598,0.011956411623001352
599,0.012046008935135048
600,0.011894250746374414
601,0.012026013932743315
602,0.012092345220557714
603,0.012051961605705448
604,0.012383974204629155
605,0.012079095562635842
606,0.012129520180524659
607,0.011824438616759697
608,0.01235623791876991
609,0.011972637578718743
610,0.012132545751598427
611,0.012510920748493429
612,0.012004714218457625
613,0.012146035209298134
614,0.0117256314399005
615,0.012072869998765952
616,0.012080359043774464
617,0.011882803197634422
618,0.01195226279008439
619,0.012115087975763668
620,0.012299802446327472
621,0.012297394026418105
622,0.011974701957808713
623,0.012001461601989755
624,0.012134228702792424
625,0.012134743388742208
626,0.012435815881116915
627,0.012081300382013037
628,0.011772074519609243
629,0.012250634521972073
630,0.01194605325206609
631,0.01219635583081488
632,0.012398498389333233
633,0.011937642588390637
634,0.011795652971082067
635,0.01185401208635609
636,0.011943275065524346
637,0.012094596613956204
638,0.011809355232043791
639,0.011761504734503263
640,0.012203514927177358
641,0.012367671355605125
642,0.011977646081566306
643,0.011944215164630342
644,0.012239185477591168
645,0.011806616042661717
646,0.012227898404412603
647,0.01232467531779055
648,0.012031468420715655
649,0.011930293297016267
650,0.011817789020932327
651,0.011928697602065691
652,0.011951651664892747
653,0.011901645068773779
654,0.011905124762206006
655,0.01205919252440207
656,0.011513536792027495
657,0.011943759317746607
658,0.011978521560302983
659,0.011820072359484384
660,0.011816921596557407
661,0.011682099639043465
662,0.011930026177127483
663,0.011564202350169674
664,0.011819578924263685
665,0.011863635280722026
666,0.01179961359002075
667,0.012203043713471142
668,0.011846491419789145
669,0.011989003986562207
670,0.01189139001939635
671,0.011747528909374092
672,0.011670296636836256
673,0.011996054773266285
674,0.011991706242690147
675,0.011469256310423805
676,0.012215942854724698
677,0.012108843079057791
678,0.012113016572291567
679,0.011660672230961717
680,0.01184110137854971
681,0.01180784465445174
682,0.01187935599394269
683,0.011703712111970379
684,0.011716896372105358
685,0.011465576556274447
686,0.011965933236119858
687,0.011832297029826095
688,0.011514771619211819
689,0.011904323185494139
690,0.011935934905846745
691,0.012204365027373877
692,0.012212309019513807
693,0.011680831970899539
694,0.011904559398101549
695,0.011946609267428264
696,0.011524855017156924
697,0.011510026266293253
698,0.011498011794667376
699,0.011554160467112216
700,0.01172907775567876
701,0.011431781330414243
702,0.011597436761988674
703,0.012105456269267251
704,0.011852229819080587
705,0.011646357526750131
706,0.01160776669206887
707,0.011932845499713794
708,0.011678702221646652
709,0.01161145486758422
710,0.011499105317328694
711,0.011865906133237531
712,0.011487662796152093
713,0.011802232295464156
714,0.01175207064597536
715,0.011449224047236523
716,0.01143694810285154
717,0.012039717578850055
718,0.011870099061910631
719,0.011557848757069748
720,0.011433861289425926
721,0.011566860853868016
722,0.011597650536036088
723,0.011571112420346778
724,0.01142346707441039
725,0.011766667761918852
726,0.011829537564446614
727,0.01183915170604142
728,0.011685444203884168
729,0.011694201769433537
730,0.012097309004136567
731,0.011855489945323285
732,0.011315601767372277
733,0.01166175777818692
734,0.011391286718485466
735,0.011513357855758424
736,0.011488380336786732
737,0.011987833645573612
738,0.011468263844154397
739,0.011644523436898145
740,0.011401762996437186
741,0.011894389320070208
742,0.01179602116314789
743,0.011795415586428874
744,0.01176396282626537
745,0.011787130122499193
746,0.01167102433520101
747,0.011512158616146042
748,0.012032550155832353
749,0.011257117866712102
750,0.011618760544648868
751,0.011643761832077625
752,0.011614461567537007
753,0.011378557942176269
754,0.011927869178796723
755,0.011860443713238179
756,0.011547839908339715
757,0.013640827984722742
758,0.01140036683734822
759,0.011713585453265804
760,0.011321126980612339
761,0.011821777690044147
762,0.01147307337940497
763,0.011343210718547136
764,0.011425511848370908
765,0.011397616775958972
766,0.01150733669351597
767,0.011694717311726536
768,0.011492076124680244
769,0.011777088578821997
770,0.011643197387456894
771,0.011395008638659018
772,0.011351868466837174
773,0.011675417679756626
774,0.011872440252958213
775,0.011868264088091456
776,0.011322775591259538
777,0.01150813819919476
778,0.011263121736346412
779,0.011372041991138357
780,0.011547106554952719
781,0.011571668597506517
782,0.011443267915776725
783,0.011366167851581664
784,0.011195826999274856
785,0.011600905468971547
786,0.011432348265138975
787,0.01136224833317101
788,0.011701602066503995
789,0.01140313156706802
790,0.011763241426166842
791,0.011481570415356654
792,0.011564209477155137
793,0.011807063136691763
794,0.011473518946223844
795,0.011334215464480853
796,0.0113717176462129
797,0.011445784215199746
798,0.011444770123304452
799,0.011379852437145881
800,0.011776885621533808
801,0.011159723143140643
802,0.011240670477213749
803,0.011466545822351413
804,0.011464031713114957
805,0.0116086545463462
806,0.011178393721959348
807,0.011559701623331945
808,0.011238399458954395
809,0.011791463740075291
810,0.011244084666309467
811,0.011507749652205888
812,0.010959791895633533
813,0.011550955624335398
814,0.011531977444666169
815,0.011910616554382998
816,0.011268252534476124
817,0.011162740711154322
818,0.011336161605066668
819,0.011827641340383029
820,0.011372197956099348
821,0.011638997162108198
822,0.011593046337681807
823,0.011434962085085147
824,0.011099113044881467
825,0.011232491480028731
826,0.011301238484428091
827,0.011300864617608614
828,0.011500188402073869
829,0.01157504536006284
830,0.01133542128254549
831,0.011181580273718652
832,0.011756027046338482
833,0.01122148466785833
834,0.011594615107149644
835,0.011305082380234942
836,0.011234767577153141
837,0.01102277335032063
838,0.011154590805960913
839,0.011572521495617043
840,0.011722906745212563
841,0.011225662857167801
842,0.011423684960483746
843,0.010755626390040931
844,0.011129298409194513
845,0.011296337963697516
846,0.011346275440685578
847,0.011391149379975967
848,0.011319163756571332
849,0.01105087544074503
850,0.01134387381627398
851,0.011536573975394338
852,0.011105142537725427
853,0.011262228254670813
854,0.011486410948653089
855,0.011054197634112532
856,0.010905746287682046
857,0.011246350996385691
858,0.011155554211808968
859,0.011268792287209782
860,0.011328414323250368
861,0.011133966138744253
862,0.011426112105501658
863,0.011097355410298807
864,0.011253667206077253
865,0.0112455419967172
866,0.011534697131522127
867,0.010971754489434977
868,0.011343201263255234
869,0.011654244341208772
870,0.011732881138953617
871,0.011373213271342091
872,0.011031230615641353
873,0.011091258033510234
874,0.011228649182466128
875,0.010612790101854983
876,0.01158421536339289
877,0.011193615183139504
878,0.011372302090591294
879,0.010784263371379447
880,0.011177243443868928
881,0.011181583608327023
882,0.010971814023046676
883,0.010946204321522076
884,0.01129503843327195
885,0.011638432871392471
886,0.011366868577108292
887,0.011563897910291108
888,0.011160836381427312
889,0.011271362291585844
890,0.011012470440433944
891,0.011267585774599496
892,0.011058240986855353
893,0.011342680949907182
894,0.010863524743245315
895,0.011158190308517571
896,0.011243946234679829
897,0.011258093336344524
898,0.011139152835959853
899,0.011255849456667142
900,0.011139863833658776
901,0.011066762039879873
902,0.010976507107458882
903,0.0110203242126726
904,0.011359462254065074
905,0.011342384446001911
906,0.011308546430604943
907,0.010865978951865838
908,0.0112858090068261
909,0.010995274117626882
910,0.011541928492202345
911,0.01127843062346012
912,0.011052184288342625
913,0.011367362225428224
914,0.010847114543509433
915,0.01120429198746964
916,0.011232383924110209
917,0.011136185977671105
918,0.011243003329767262
919,0.011035286055846234
920,0.01111615982727479
921,0.011408688350564848
922,0.011044672264133469
923,0.011315034489321002
924,0.010653037380553404
925,0.011318296391390642
926,0.010874573520179523
927,0.010985171319758994
928,0.011458663463245257
929,0.011078662542878823
930,0.010924028141929184
931,0.011267728006498794
932,0.01110400375515475
933,0.011065233171270308
934,0.011145704244342396
935,0.011372333522728187
936,0.011471628215384938
937,0.011351146593184794
938,0.01109255518827398
939,0.010876150415042194
940,0.01067697445830425
941,0.011190652231670033
942,0.010951472773863855
943,0.011247945811315361
944,0.011053237440538103
945,0.01089026018093198
946,0.011390021718028238
947,0.010833910528286281
948,0.011122247630383
949,0.01090915852731441
950,0.010907878586233167
951,0.01104204579635318
952,0.011363418820172043
953,0.011052258458714617
954,0.011203159471594934
955,0.011059874408262766
956,0.011199699051804462
957,0.010951481226800104
958,0.010992907157357214
959,0.010640412715058459
960,0.010893563633405809
961,0.010915565537288785
962,0.010919188263715577
963,0.010852746551035571
964,0.01095614320267055
965,0.010970160341426984
966,0.011060434575113704
967,0.011031051122946507
968,0.011091831144166448
969,0.011029215711090019
970,0.010854717490058077
971,0.01097244460340905
972,0.011015402239952551
973,0.01136522029794879
974,0.010891228081595343
975,0.011088024813018866
976,0.01099494085805017
977,0.010939038911108243
978,0.011466932498802573
979,0.010976557252865475
980,0.011094073098058165
981,0.011306783851330816
982,0.010700370074581292
983,0.011098934073095857
984,0.010833577817242783
985,0.010731652000192868
986,0.011063208586488993
987,0.0110651112193147
988,0.010895205089443569
989,0.011276481242976704
990,0.011003706154366166
991,0.010812718227852956
992,0.010694335518657403
993,0.011080945348682798
994,0.011099850537918381
995,0.010999963295219814
996,0.01120410265669353
997,0.0112514638981261
998,0.010869080583580722
999,0.011014305287972093
1000,0.010970801967432943
1001,0.010934375041022392
1002,0.010957319968206397
1003,0.010713208281293006
1004,0.010818566803394233
1005,0.011269277237923973
1006,0.010681465011626735
1007,0.01084040775816193
1008,0.011007541139468046
1009,0.010492320957798826
1010,0.011201915054945118
1011,0.011177352104746437
1012,0.010470596157898337
1013,0.010698274444883405
1014,0.010704331605111138
1015,0.010713455338283615
1016,0.011037173163998177
1017,0.010658193020528908
1018,0.010846720132345365
1019,0.01086963963758011
1020,0.010804913464491651
1021,0.010826163116242673
1022,0.010945323136461488
1023,0.011111015446042106
1024,0.011200752077718912
1025,0.01076267646246795
1026,0.01097500447373269
1027,0.011011204252145806
1028,0.010979911296675771
1029,0.010986540959832274
1030,0.011051269551991658
1031,0.010659497432505428
1032,0.010839199311873418
1033,0.010831487140128925
1034,0.010779931817708885
1035,0.010748066142264564
1036,0.010828387039571495
1037,0.01060892038947066
1038,0.010508415170834732
1039,0.01092178312572256
1040,0.010951290522717823
1041,0.010998155073246967
1042,0.0106178668319737
1043,0.010856167184409954
1044,0.010535042263346455
1045,0.010800656152226158
1046,0.01099182460141384
1047,0.010694759775552962
1048,0.010472895194760572
1049,0.010799458605568793
1050,0.01087123641381198
1051,0.01063053801624199
1052,0.010403223347581796
1053,0.010799005453995729
1054,0.010906011714615811
1055,0.010824739739646093
1056,0.011051811423878802
1057,0.011086529941629555
1058,0.011020362112765848
1059,0.010618654821636313
1060,0.010867714664851457
1061,0.010733848457398304
1062,0.01087822583977575
1063,0.010966623130933209
1064,0.010823935175598678
1065,0.010880585424444181
1066,0.010930446548766251
1067,0.010447998333848635
1068,0.010636949540763083
1069,0.010633048163411223
1070,0.010884073626060607
1071,0.010698678362641042
1072,0.010696193905768253
1073,0.010723054188035302
1074,0.010676382271320386
1075,0.010936285834759474
1076,0.01075264558953754
1077,0.010836002460317844
1078,0.010804325713128862
1079,0.011001850920334712
1080,0.010432818569085104
1081,0.010656429146874254
1082,0.010618711466569517
1083,0.01074403643576523
1084,0.010262041384259523
1085,0.010524760181936672
1086,0.010579345096691938
1087,0.010953998544363904
1088,0.011100819508024192
1089,0.010818147234681804
1090,0.010640086819244138
1091,0.010501972967916625
1092,0.01065500141358224
1093,0.01066027581691742
1094,0.010790921289915755
1095,0.010426267432996024
1096,0.010833477305437801
1097,0.010534496551726833
1098,0.01069765406960653
1099,0.010755054593496656
1100,0.010750803516356874
1101,0.010587210834057907
1102,0.010722762995825733
1103,0.010635107972706526
1104,0.010893302109345035
1105,0.010652546380188758
1106,0.01068614756735831
1107,0.01067939431453913
1108,0.010800039060255987
1109,0.010563415700127766
1110,0.010618868422047314
1111,0.010490380843185772
1112,0.010357104119513247
1113,0.010543777954654169
1114,0.01065384658148228
1115,0.010689656944724462
1116,0.01085441995617318
1117,0.010961729220225144
1118,0.010678923803271127
1119,0.010583378938894909
1120,0.010689784232053464
1121,0.010390817653387785
1122,0.01053272548399992
1123,0.010229775599219788
1124,0.010563659288336412
1125,0.010674098411859092
1126,0.01056423389463354
1127,0.010532523300183021
1128,0.010560744678822615
1129,0.010768851596798938
1130,0.010374601196371397
1131,0.010666824676001729
1132,0.010902704173793732
1133,0.010349136433895614
1134,0.010357837291371267
1135,0.010795896115191913
1136,0.010701833261271654
1137,0.010877388829396943
1138,0.010194071375180856
1139,0.010501829504777314
1140,0.010580177209734663
1141,0.010915486741874177
1142,0.01069457494353844
1143,0.010910927823160664
1144,0.010625795745369742
1145,0.010462932489907085
1146,0.010463313586315361
1147,0.01076909932071122
1148,0.010589301084973296
1149,0.010147660674716709
1150,0.010672884649928596
1151,0.01036693693643783
1152,0.010756736834359876
1153,0.01069843792751179
1154,0.010237614174326093
1155,0.010465453359124771
1156,0.01052579151119216
1157,0.010782980162776628
1158,0.01034464254991104
1159,0.010662125514315094
1160,0.010824611722254905
1161,0.010523067136153074
1162,0.010662348822580051
1163,0.010533599451310554
1164,0.010745487085117375
1165,0.010389244621935285
1166,0.010501994672468153
1167,0.010861351470447193
1168,0.010138117747728602
1169,0.010655227286930559
1170,0.010449411588231637
1171,0.010497477880316013
1172,0.010458751617125788
1173,0.010538463512340845
1174,0.01075499871414218
1175,0.010779932070270939
1176,0.010725783136815338
1177,0.010256349985187842
1178,0.010403279167742042
1179,0.010314920281801941
1180,0.010221368731867712
1181,0.010779401054605842
1182,0.010703655220252477
1183,0.010337004292030202
1184,0.010493366035901137
1185,0.010648014252784393
1186,0.010231322454983148
1187,0.010386847827772973
1188,0.010501749707007055
1189,0.0106188864328788
1190,0.01044061248806321
1191,0.010470008134242084
1192,0.010459629467578006
1193,0.010281808023198934
1194,0.010246212361380458
1195,0.01039435412987309
1196,0.01035794110226808
1197,0.010668643841014827
1198,0.010422077428517957
1199,0.010594112060616835
1200,0.01074031849344403
1201,0.010698183258143017
1202,0.010618104299498816
1203,0.01027971128854206
1204,0.010670072201765695
1205,0.01046676532033894
1206,0.010368603123825485
1207,0.010394609991019056
1208,0.010241023158275728
1209,0.010347563643166321
1210,0.010120971499295053
1211,0.010162723688724435
1212,0.010602792346123921
1213,0.010041740288863243
1214,0.010357109482510615
1215,0.010328397139022916
1216,0.010175693807807766
1217,0.010538511203159974
1218,0.010298864647619805
1219,0.010323017125286289
1220,0.010675527404015095
1221,0.010704429891213016
1222,0.010328142560418632
1223,0.01044973014396126
1224,0.010560024178476405
1225,0.010087346618647798
1226,0.01026754709891975
1227,0.010366076544337606
1228,0.010299155129498597
1229,0.010467380044539855
1230,0.010523643522223427
1231,0.010361398992491729
1232,0.010615127125628671
1233,0.010159712987241604
1234,0.010654003008158278
1235,0.01000816983139237
1236,0.010500650367525927
1237,0.010591573902737286
1238,0.0103553937377124
1239,0.01029758133246737
1240,0.010068135020338882
1241,0.010223988159480741
1242,0.010329711625857626
1243,0.010428288568726789
1244,0.01025676256898096
1245,0.010209828978246552
1246,0.010336611305473972
1247,0.010521545808888593
1248,0.010233870936336658
1249,0.010559145846577772
1250,0.010400108993053436
1251,0.010478096248550435
1252,0.01036540798495634
1253,0.010075092161768827
1254,0.010309615010648207
1255,0.010288070007306287
1256,0.010528603501586338
1257,0.010205892486876603
1258,0.010158564484978126
1259,0.01026348537623377
1260,0.01046254022946676
1261,0.010282245977639647
1262,0.01016954934792751
1263,0.010763305882623388
1264,0.01038690182475089
1265,0.010353649808567459
1266,0.009918784312272475
1267,0.010071643284853484
1268,0.009960815274961671
1269,0.010026228057725703
1270,0.010407085822484756
1271,0.010057818318196273
1272,0.010349384789213033
1273,0.010268935014225416
1274,0.010104668902833078
1275,0.010342535002441224
1276,0.010140409049877928
1277,0.010489653385544227
1278,0.010500110855515478
1279,0.010179336017029266
1280,0.010098672365390901
1281,0.010287243813686705
1282,0.010031395832518651
1283,0.010290783561639866
1284,0.010181268949408904
1285,0.010287947337127339
1286,0.010117145878720587
1287,0.010252623680694881
1288,0.010333645070697797
1289,0.010391745590052362
1290,0.010441976907205278
1291,0.010415463637308045
1292,0.009975943473657057
1293,0.010593048360009315
1294,0.01001356108808669
1295,0.010100080927644493
1296,0.010207790901126751
1297,0.010146796486293108
1298,0.00995646127878483
1299,0.010198322404965253
1300,0.010272936019415067
1301,0.010284006094433746
1302,0.010181066576170466
1303,0.010285363883821893
1304,0.010256312917760116
1305,0.010355916758209972
1306,0.010502712856346772
1307,0.010209280559477412
1308,0.010109961774768465
1309,0.010109076963074632
1310,0.010063155053057155
1311,0.009951868351012215
1312,0.010412086436714409
1313,0.0103097819738974
1314,0.010357424261648271
1315,0.010141676891658265
1316,0.01041471917908323
1317,0.010028855930382417
1318,0.010191551808236261
1319,0.01015549224122601
1320,0.01026796830928553
1321,0.010015360620346362
1322,0.01026576416077629
1323,0.01041658796070112
1324,0.010096135943875475
1325,0.010140661000258337
1326,0.010123744520153535
1327,0.010392914510379403
1328,0.00993329880885401
1329,0.010460096656076483
1330,0.010325047009924457
1331,0.010309799349377468
1332,0.010005711348948338
1333,0.010077780972913666
1334,0.010161930864866255
1335,0.01023598900064826
1336,0.010314901600102499
1337,0.00988169681375562
1338,0.010072717825897921
1339,0.010296197351604953
1340,0.01021047308646395
1341,0.009786409688955647
1342,0.010050876141068036
1343,0.010173977423711853
1344,0.010386814552722341
1345,0.010068451748939894
1346,0.009870445044016686
1347,0.00984712814422861
1348,0.009703706286973873
1349,0.009906257206763504
1350,0.010174605474507405
1351,0.00999165622328045
1352,0.010061475598269094
1353,0.010068500359242751
1354,0.010163734343408023
1355,0.010108035586584928
1356,0.009991146371526233
1357,0.009988947293989487
1358,0.010128866952165203
1359,0.009878337529282702
1360,0.009889471068410045
1361,0.010214027790826256
1362,0.01004061845952045
1363,0.010191040523981645
1364,0.010087940845859506
1365,0.009872505267671609
1366,0.01015062836961726
1367,0.0099629202849721
1368,0.010143459360194156
1369,0.010099064921802384
1370,0.010030066831258394
1371,0.009971227236407794
1372,0.009983080155137231
1373,0.010089726791069922
1374,0.010144855862609664
1375,0.009956739712664383
1376,0.010468475950755557
1377,0.010277952268814384
1378,0.01017824882815071
1379,0.009736922147320741
1380,0.010072810658237945
1381,0.010239106271479089
1382,0.009836414505301391
1383,0.00998005322259614
1384,0.010189596062399825
1385,0.010132830238790583
1386,0.009820463625177488
1387,0.009989175475912831
1388,0.009904749304750713
1389,0.009934729486072467
1390,0.009859706646115598
1391,0.010087708177013417
1392,0.009931187141465686
1393,0.010045068839691201
1394,0.010011444554932542
1395,0.00991950579918921
1396,0.009698491689543856
1397,0.010063853462116194
1398,0.009880282300508629
1399,0.010128283956072341
1400,0.009945451648969013
1401,0.010160825562552881
1402,0.009981684213093782
1403,0.010252055854110395
1404,0.009780234976876842
1405,0.010042867954757255
1406,0.00997995619535825
1407,0.01010235172491205
1408,0.009732806628917233
1409,0.009842670431865727
1410,0.010021836603439208
1411,0.010158887693374339
1412,0.009891263134303992
1413,0.01001339270022966
1414,0.0096765372357568
1415,0.010024806113629523
1416,0.01017458492227025
1417,0.009761538620943488
1418,0.0098294786659022
1419,0.009890851083258956
1420,0.010237069504524944
1421,0.009711540769785643
1422,0.009807477428940899
1423,0.009925887604259838
1424,0.009844787852933346
1425,0.009591884997878539
1426,0.009647305478673365
1427,0.009748474517205761
1428,0.010002187547921124
1429,0.009773368209253177
1430,0.010020549795827118
1431,0.00964220389881629
1432,0.01010440802990885
1433,0.009790754004902506
1434,0.009939643613583708
1435,0.009998714322445252
1436,0.0098741830847526
1437,0.01002848181494717
1438,0.009815872986248489
1439,0.009674975084204037
1440,0.010033405224113898
1441,0.009926183674074078
1442,0.00980143564342821
1443,0.009875176817778561
1444,0.009921736285185157
1445,0.010170174056222126
1446,0.0097268931330892
1447,0.00981346601067837
1448,0.009858590949295183
1449,0.009810309955787104
1450,0.0097661470220882
1451,0.009925960792007587
1452,0.009862265837678717
1453,0.00978971836630697
1454,0.010080435605309272
1455,0.009657006971222364
1456,0.009835886548004918
1457,0.010008752136885866
1458,0.009897626115609024
1459,0.0097214448960277
1460,0.010180961316988126
1461,0.009408425003037615
1462,0.00954143593277214
1463,0.009600777956420335
1464,0.009831679195670759
1465,0.010217831702902913
1466,0.00948876545417233
1467,0.009719508415940454
1468,0.010311835532281863
1469,0.009617511167238324
1470,0.00983550226694699
1471,0.010063794855880787
1472,0.009833489848553376
1473,0.009213150364457297
1474,0.010067014611657646
1475,0.009740634197842771
1476,0.009873123460654484
1477,0.010039996667528304
1478,0.009813586557757551
1479,0.009829434889794911
1480,0.009552957640045275
1481,0.009619337526323685
1482,0.00955734777627355
1483,0.00994778718104807
1484,0.009645266091387909
1485,0.009618706740754641
1486,0.009930805445222532
1487,0.009644446736675198
1488,0.009560597460653823
1489,0.009667850352066049
1490,0.009622882151881517
1491,0.010134830226395594
1492,0.009800868065459496
1493,0.010078834330315813
1494,0.009428843295485791
1495,0.009791579022530025
1496,0.009709745870461152
1497,0.009925869652622585
1498,0.009952377133323984
1499,0.00964482368554099
1500,0.009732979018304307
1501,0.00981497355357949
1502,0.009528441295438147
1503,0.00990576206674894
1504,0.01001746209054175
1505,0.009487481539185017
1506,0.00964940507833104
1507,0.009647794640070553
1508,0.009529849320997373
1509,0.00976735493562863
1510,0.009493753100919017
1511,0.009452466264966939
1512,0.009924197983849099
1513,0.009698807261884212
1514,0.009866523272278955
1515,0.009697582410901026
1516,0.00966411838465828
1517,0.009548108914267208
1518,0.00958915884701251
1519,0.009667145305360525
1520,0.009542595898985104
1521,0.009423543407060838
1522,0.009924509128460945
1523,0.00986153187656428
1524,0.009570804333819424
1525,0.009523465929521342
1526,0.009685652851427005
1527,0.009547751148278683
1528,0.009652095412740768
1529,0.009787610649147023
1530,0.009565003275460863
1531,0.009580365891205304
1532,0.009570211543054399
1533,0.009817487939055694
1534,0.009637436624300682
1535,0.009725203260116406
1536,0.009628456409515465
1537,0.009571153899433754
1538,0.00968894311542607
1539,0.009708354628439678
1540,0.009759070797649733
1541,0.009359304891836088
1542,0.009605026117257647
1543,0.009409553702857535
1544,0.009365050919290822
1545,0.009464419506079817
1546,0.009685045041112323
1547,0.009684170221404756
1548,0.009740423572928472
1549,0.009978472286740602
1550,0.009557503216379023
1551,0.009430560176813249
1552,0.009747833329237114
1553,0.009530268664771722
1554,0.009320255076923108
1555,0.009571957192778334
1556,0.009840627043050224
1557,0.00962679726229507
1558,0.00940101609123334
1559,0.009326322919736474
1560,0.009586085206276532
1561,0.009711393853649497
1562,0.009526599885232873
1563,0.00937982841189635
1564,0.009560104033325688
1565,0.009472138828487468
1566,0.009546127888547667
1567,0.009577994992546105
1568,0.009692992332344086
1569,0.009313705144450068
1570,0.009563349057146805
1571,0.009519538463298546
1572,0.009638871630590599
1573,0.009244064050647666
1574,0.009590060016045631
1575,0.009478811588990738
1576,0.009637738443847936
1577,0.009561288048181746
1578,0.009401547986919345
1579,0.009470383782665862
1580,0.009491088235813934
1581,0.00944759070447062
1582,0.009754522237926722
1583,0.009571020017867372
1584,0.00960444878013331
1585,0.009329308522865176
1586,0.009344702653618435
1587,0.009331083832845345
1588,0.009531282279166883
1589,0.009451846532934046
1590,0.00953164289437108
1591,0.009363608521614539
1592,0.009298344182197825
1593,0.009910778915983135
1594,0.009456298558704428
1595,0.009643526534723529
1596,0.009481144741461691
1597,0.009462065027900418
1598,0.009147726883322506
1599,0.009515671947402722
1600,0.00968910190197876
1601,0.009404148496056006
1602,0.009341815233988277
1603,0.009322114935997178
1604,0.009514845153948261
1605,0.009483859523089003
1606,0.009430640432352231
1607,0.009487824577648761
1608,0.00923775716968891
1609,0.00914664892085149
1610,0.009508574267028499
1611,0.009497347745602415
1612,0.009121472181720753
1613,0.009431410138889894
1614,0.009181952763001546
1615,0.009481672856609448
1616,0.00930680711832592
1617,0.009394898848860697
1618,0.009685826547033453
1619,0.009580577774983595
1620,0.00963224916939892
1621,0.009539897198457334
1622,0.009146704133284294
1623,0.009589460070671166
1624,0.009271633037823742
1625,0.009404911300546284
1626,0.009299973361351984
1627,0.009320111980788031
1628,0.009306875756010413
1629,0.009245905523993453
1630,0.00940587926435016
1631,0.009237246658905582
1632,0.00933028943836689
1633,0.00922240421444304
1634,0.009622210076362905
1635,0.009401146018625064
1636,0.009392144047986653
1637,0.00941242806818652
1638,0.00948880153108325
1639,0.009275824972033754
1640,0.009259790075564031
1641,0.009118198152726232
1642,0.00925250482050923
1643,0.009445934414358462
1644,0.009328053932700116
1645,0.00916278887524317
1646,0.009370232983571241
1647,0.009377504789696659
1648,0.009599327243927676
1649,0.009655872186235452
1650,0.0094196458378712
1651,0.00935034739974318
1652,0.009254248524716093
1653,0.009465676617919135
1654,0.009271209155824982
1655,0.009265623765729241
1656,0.009198046849756423
1657,0.009488846376632987
1658,0.00922386965840676
1659,0.00937893648900218
1660,0.009109034147744968
1661,0.009048861798719835
1662,0.009160420249642457
1663,0.009388213657568825
1664,0.009121421061582485
1665,0.00914228581270929
1666,0.008824871983221275
1667,0.00942399115222743
1668,0.009236353279833319
1669,0.009179309523522349
1670,0.009185862419653242
1671,0.009619154975260212
1672,0.009170525873048325
1673,0.009379064522178496
1674,0.00910909327883589
1675,0.009093951532554071
1676,0.009247518389217429
1677,0.009108846778271057
1678,0.009165581982677518
1679,0.009071469283268109
1680,0.009471706982891438
1681,0.008796097754137748
1682,0.00908611446887381
1683,0.0093704246623852
1684,0.00922506695250207
1685,0.009078874008067079
1686,0.009278006942437614
1687,0.009361136992761896
1688,0.009081897933541213
1689,0.009231963597427485
1690,0.009251658725789038
1691,0.00875171829188653
1692,0.009322494568334798
1693,0.00913172306777057
1694,0.009102284190071336
1695,0.00922297837481029
1696,0.009185557289175311
1697,0.00916839740633712
1698,0.008954849267788863
1699,0.00911359898193534
1700,0.009361716441147156
1701,0.009136345371667106
1702,0.00911229680355449
1703,0.009114766584204162
1704,0.009220751452307075
1705,0.009495839587081287
1706,0.009105223972918623
1707,0.009505769581202481
1708,0.009422129911954626
1709,0.009233784329114576
1710,0.009141180293350402
1711,0.00886717086689452
1712,0.009223950028387924
1713,0.009130626372298447
1714,0.008991743284040841
1715,0.00875916007227438
1716,0.009072196626467473
1717,0.00889260302913391
1718,0.008896523648557269
1719,0.008943276831059385
1720,0.00885404505119738
1721,0.008791666059612723
1722,0.008976780529276042
1723,0.009236522843682413
1724,0.008894975537876203
1725,0.009047580736894476
1726,0.008958786611555743
1727,0.008971404694652154
1728,0.008817823769493123
1729,0.00906419996330041
1730,0.009235673749787827
1731,0.009116371280624199
1732,0.008948295724467707
1733,0.00909142491360337
1734,0.00919796968415632
1735,0.00901419777123226
1736,0.008986914502772487
1737,0.009191075967372222
1738,0.00907455129406841
1739,0.008950539205570594
1740,0.008903270753068944
1741,0.008772541614943894
1742,0.008887062251757262
1743,0.008812095591072308
1744,0.008849625708535314
1745,0.009160601589197324
1746,0.008913510688185945
1747,0.008891480536815726
1748,0.008832642398143218
1749,0.009105537311663315
1750,0.009008409526451664
1751,0.008821404432499055
1752,0.00876049242787442
1753,0.008914192380794024
1754,0.009005753086658857
1755,0.008847960456416516
1756,0.00902414056314629
1757,0.008845847703800615
1758,0.009003341450529584
1759,0.00915887957375686
1760,0.008916580994313552
1761,0.008947068549124366
1762,0.008850583072625479
1763,0.009051512082312571
1764,0.008903315602564963
1765,0.009069025319195905
1766,0.00905379950921288
1767,0.008922715142558692
1768,0.00876379917944008
1769,0.009155547396295656
1770,0.008748610286926061
1771,0.008614566046902436
1772,0.008962324228516574
1773,0.008964322171947462
1774,0.008809882721279636
1775,0.008832402551009998
1776,0.00908039305832679
1777,0.009103420593033908
1778,0.009139110417089473
1779,0.009019247832376573
1780,0.008937363706181868
1781,0.009047419673337017
1782,0.008833870204891694
1783,0.00872511902066358
1784,0.009075379058308268
1785,0.008645870663636064
1786,0.008957071407398178
1787,0.008998158593046464
1788,0.008880854485619623
1789,0.00922759149965467
1790,0.008916641530280902
1791,0.008762962484763841
1792,0.008899953827988041
1793,0.009025799138155781
1794,0.009029963878535871
1795,0.008663041742076561
1796,0.00874300565081254
1797,0.008953231422356883
1798,0.00882465214373828
1799,0.00871718468507594
1800,0.008841556753426537
1801,0.008921942590751637
1802,0.008902143347629551
1803,0.008704515181923821
1804,0.008912411774903282
1805,0.008505178110326752
1806,0.008773986680306873
1807,0.00857202808562098
1808,0.008764411208330321
1809,0.008730969107630899
1810,0.008696969752436725
1811,0.00883723153353874
1812,0.008810025146546758
1813,0.009013275627709798
1814,0.008721604047469416
1815,0.008393904316570546
1816,0.008347654545490267
1817,0.008655773929588623
1818,0.008803326226139472
1819,0.008624684681200374
1820,0.008665659650370984
1821,0.008713170665047936
1822,0.008705300811709742
1823,0.00874501115137364
1824,0.00846396456867204
1825,0.008587596397373384
1826,0.008546034876509742
1827,0.00876462664770878
1828,0.008715318433024873
1829,0.008722414965031006
1830,0.00864130296839117
1831,0.008574217609208772
1832,0.008476246925765428
1833,0.008824653055329444
1834,0.008678234434860238
1835,0.008339164166916477
1836,0.008628235332730968
1837,0.008642579436744168
1838,0.008485606433508002
1839,0.00858105969283793
1840,0.008593790252866634
1841,0.008776603890109366
1842,0.008546991928843624
1843,0.008453325384249121
1844,0.00861228943281507
1845,0.00854948807460398
1846,0.008551860535990888
1847,0.008350467037062272
1848,0.008396523246952033
1849,0.00846325290405144
1850,0.008596706874984301
1851,0.008480666667001984
1852,0.00856661779206183
1853,0.008502524326381794
1854,0.00826500802127234
1855,0.00861842307198982
1856,0.008578783528626724
1857,0.008468136660975673
1858,0.008409291691288857
1859,0.00805004510507619
1860,0.008381056255992439
1861,0.008435650188002294
1862,0.008597022277634528
1863,0.00855845894064691
1864,0.008411658103025313
1865,0.008441211572864045
1866,0.008435235548196203
1867,0.00860917413512529
1868,0.008648156350225969
1869,0.008304207431847009
1870,0.008318225462463195
1871,0.008470638528845068
1872,0.008262125794949421
1873,0.008402608457352903
1874,0.008423625779638098
1875,0.008531021723776297
1876,0.008470446763212904
1877,0.008383550061607513
1878,0.008320009963334365
1879,0.008203023010707003
1880,0.008211722542231872
1881,0.008444826951313574
1882,0.008379115233734503
1883,0.00830926485280743
1884,0.008318549006293386
1885,0.008437629453680021
1886,0.008341978955224661
1887,0.008504831800395149
1888,0.00820070341371505
1889,0.008262786990568295
1890,0.008437519656273268
1891,0.008648863638419721
1892,0.008385664913645488
1893,0.008216628264162248
1894,0.008382796601913238
1895,0.008308720151436026
1896,0.008265214960359164
1897,0.008200615640508674
1898,0.008505448036022106
1899,0.008360505573672511
1900,0.008413141715671804
1901,0.008216953422021816
1902,0.008124163713685031
1903,0.008203557368873035
1904,0.008354764775041554
1905,0.008290215884729966
1906,0.008367303522082708
1907,0.008357335939624552
1908,0.008113338158197574
1909,0.008151398012730278
1910,0.008425871577208578
1911,0.008190853852715533
1912,0.008093092681334938
1913,0.008249190628086612
1914,0.008381214711057433
1915,0.008202145779821075
1916,0.00822320275434877
1917,0.00824384018778801
1918,0.008453005865626669
1919,0.008003797559699013
1920,0.008000780224515978
1921,0.00815530156053729
1922,0.00805723739756366
1923,0.008077307955472398
1924,0.008268682033581248
1925,0.008205293630391864
1926,0.008072359025699355
1927,0.00797427148889687
1928,0.008377171480649356
1929,0.00815759060935954
1930,0.007914710841220567
1931,0.008004075413475097
1932,0.008144574192494659
1933,0.007958972680587637
1934,0.008057417995217492
1935,0.008150086434305473
1936,0.008201512433114951
1937,0.008056020806148902
1938,0.008189370658374944
1939,0.00779878466105941
1940,0.008010450458564496
1941,0.008253980601616836
1942,0.008251330929697823
1943,0.007885162347643557
1944,0.008108233046418025
1945,0.007838439208187036
1946,0.008010921431547505
1947,0.008163106410716802
1948,0.007936065132587643
1949,0.008134369876519856
1950,0.007876819619214383
1951,0.007783116038762412
1952,0.008007769630748337
1953,0.008011289631505892
1954,0.007668066225251404
1955,0.008091245691086782
1956,0.008029965103714395
1957,0.007901397056214638
1958,0.008113654377728196
1959,0.007833900470760161
1960,0.007852915634985193
1961,0.007671157478244375
1962,0.00776572442234699
1963,0.007842442652179022
1964,0.007729638245556567
1965,0.007900557003252335
1966,0.007748907692414724
1967,0.007912223120772485
1968,0.007665658858999357
1969,0.007668727014403222
1970,0.007820313232082684
1971,0.007769312409652492
1972,0.007650618559791375
1973,0.007752994600273037
1974,0.008002428523406891
1975,0.007608745416815756
1976,0.007734539196431889
1977,0.0077336222975183345
1978,0.0077315697770060626
1979,0.007368241022419879
1980,0.007719388235581375
1981,0.007673372467190532
1982,0.007740540473358863
1983,0.007629479052719928
1984,0.007569701892276437
1985,0.0075293676256817784
1986,0.0076129754208091455
1987,0.007496655153079053
1988,0.007449522543445987
1989,0.0076113824843097545
1990,0.007538982071140308
1991,0.007646381539308419
1992,0.007473972799666858
1993,0.007551546997816886
1994,0.0074269445455175335
1995,0.007394549898582243
1996,0.007345042475578138
1997,0.007475354542987326
1998,0.007392678615021504
1999,0.007237338208419792
2000,0.007432158330013439
