1,0.5141592111627934
2,0.19993292035187704
1,0.5307565616854166
2,0.21937979997719748
3,0.16642603600176714
4,0.14295047180632414
5,0.12220508163258181
6,0.11102056957907595
7,0.10658660089060412
8,0.09686453930907331
9,0.09245925343011395
10,0.0910355118182251
11,0.08787175911968037
12,0.07991944556519137
13,0.07773274211686547
14,0.07165883178428067
15,0.06835913670770193
16,0.06286534146105839
17,0.058873839802661185
18,0.056937069363765795
19,0.05705610091277098
20,0.054026586082527195
21,0.05142385447871382
22,0.04936642780647439
23,0.04782610295056287
24,0.04684801128203586
25,0.04685936483033633
26,0.044358844979334684
27,0.04519419564660323
28,0.04355239298320928
29,0.04294118656129655
30,0.041793378827683
31,0.04173058730755317
32,0.0406063578359909
33,0.04070612841869815
34,0.03882882663569713
35,0.03825801860351684
36,0.03793470504677902
37,0.03728686831891537
38,0.03729559148077743
39,0.03629036861771749
40,0.03646047642233513
1,0.5473820565868233
2,0.19756404468316144
3,0.1560272198738688
4,0.13416520102044283
5,0.11867038848794113
6,0.10433059463561592
7,0.09890417110616878
8,0.08713508207919234
9,0.08611043132210182
10,0.08001576057808885
11,0.07542327276857222
12,0.0710995882686417
13,0.06879005619024826
14,0.06506509987353268
15,0.061937554060655126
16,0.06110172709292275
17,0.059090544706431485
18,0.05620800141813392
19,0.05505975601026567
20,0.051304748723820105
21,0.04966896122037354
22,0.05054780990832438
23,0.04908045209249703
24,0.04752214990114256
25,0.04580078101953713
26,0.04457680437461299
27,0.04523827771703571
28,0.044194962150590905
29,0.04255733782646515
30,0.041452531765957
31,0.040911451534573304
32,0.041009089120237506
33,0.040144527851903845
34,0.03980883641831451
35,0.03990367703708047
36,0.03864907127631418
37,0.03715696869323314
38,0.037135788492100724
39,0.036451827718923656
40,0.036517585169965935
41,0.036136736824982245
42,0.03552084918118129
43,0.03595709372943236
44,0.035443440600598265
45,0.0346238862217988
46,0.033890857882166316
47,0.03355023878926443
48,0.03300862086905261
49,0.033170785139299046
50,0.03340346394580299
51,0.031717717016147354
52,0.033047922871122924
53,0.03116384854192956
54,0.03174385909875065
55,0.0318099179036789
56,0.03147137638623432
57,0.030962078263825278
58,0.031716409297186436
59,0.030710505495258306
60,0.03012272860002467
61,0.029729454194085073
62,0.02922069060347848
63,0.029607626593719096
64,0.03018313349556115
65,0.029563189421038506
66,0.029688134915747885
67,0.02930806886594174
68,0.02911280728560888
69,0.02889134775910337
70,0.028223284109795497
71,0.02811697979410321
72,0.02848791918259556
73,0.0279890426860775
74,0.027812299508033163
75,0.027224563267397677
76,0.027692168635331978
77,0.027133248020279204
78,0.02695387923869036
79,0.026860580085066414
80,0.027142993324452032
81,0.025874858958867646
82,0.02692649674491357
83,0.026643528105785786
84,0.02616467262160475
85,0.026182434032276526
86,0.026007441851168364
87,0.025688920833044134
88,0.026197929787686317
89,0.025981922712871582
90,0.025789641727835447
91,0.025965551277464728
92,0.02550289295298063
93,0.0258167253302063
94,0.024019585196244513
95,0.024823850257543183
96,0.024760732529842754
97,0.024796407946022385
98,0.02485162032357717
99,0.024886218823050543
100,0.023814635824854092
101,0.02398452678916313
102,0.023854684589777964
103,0.024535170985164785
104,0.024061394713313904
105,0.023989142565909078
106,0.024030232778355733
107,0.023677265018982402
108,0.023912868399362443
109,0.023491241314085358
110,0.023141199991233267
111,0.023206660626613994
112,0.022751942395343113
113,0.023358221197406114
114,0.022991436580985278
115,0.022689523838334166
116,0.02311539001983859
117,0.022390911276689022
118,0.022412590974531438
119,0.022387650740032985
120,0.02331060602061324
121,0.02189619154116865
122,0.022067915640329405
123,0.022685504368490587
124,0.023034805021548675
125,0.022364353524300003
126,0.022269648807596857
127,0.02173287479869895
128,0.022248610341132194
129,0.021405924853505724
130,0.021108931112024238
131,0.021888753486071097
132,0.02177826732681212
133,0.021559584033438713
134,0.02168908564500132
135,0.02183841789236008
136,0.021016659949101128
137,0.021936359310175402
138,0.02117415283159432
139,0.021088859587276385
140,0.020757709101031897
141,0.021256136834242587
142,0.02104929042980075
143,0.020596087413003384
144,0.02002275743032411
145,0.021394456168478827
146,0.0208799936966497
147,0.021113580432168003
148,0.020952507514127736
149,0.020647372726856145
150,0.020936255729994028
151,0.020555637918917808
152,0.020534464860555983
153,0.02074753143430009
154,0.020261395675272256
155,0.020426793671134164
156,0.020570876084710078
157,0.021319417503930755
158,0.02034975611210122
159,0.019713517823019774
160,0.019741880999467637
161,0.02029668856254321
162,0.019806288372156984
163,0.020366203110917646
164,0.019216702824805754
165,0.019877373004111194
166,0.020031141117215157
167,0.019575528871520597
168,0.019549972827593656
169,0.019721760256689484
170,0.019380407723582398
171,0.019533314986817412
172,0.019576900859631725
173,0.0202327395268416
174,0.019660210086948286
175,0.01895322397319695
176,0.01927750984648779
177,0.0199277203261726
178,0.01910868424417104
179,0.019464056623184074
180,0.019304115467278633
181,0.01912076745213846
182,0.018638014888106767
183,0.018899692396112416
184,0.019099966970161867
185,0.01929226538197974
186,0.01841796117724251
187,0.018655006939513705
188,0.018431492339251405
189,0.018845272810845557
190,0.018761541141923202
191,0.01899436963879961
192,0.018817361554730745
193,0.018830581055164844
194,0.018585791937628035
195,0.018640323060612054
196,0.01854823247955765
197,0.018392469070978083
198,0.01866087858107383
199,0.018215777194600994
200,0.018355414081933134
201,0.018073432115932642
202,0.018492115811460604
203,0.018407829050606086
204,0.018288986346984313
205,0.018142823114107223
206,0.018226420056958823
207,0.01879262524830588
208,0.017970498722299177
209,0.018602522721482537
210,0.01758492614884498
211,0.018210117413141463
212,0.01817998731256289
213,0.017954717477057444
214,0.018488406306290527
215,0.018249220246354402
216,0.01780902228112948
217,0.018459973367467776
218,0.017769880719104056
219,0.018266013657705762
220,0.017743145423483545
221,0.018445886758361327
222,0.017519665013809325
223,0.01701231318194482
224,0.01787067418602311
225,0.017565582247482517
226,0.017338289689840906
227,0.017676025297555884
228,0.017442532475658898
229,0.017749110797136012
230,0.017925135893905063
231,0.01757666849041894
232,0.01800194057493897
233,0.017799371079999512
234,0.01754558488126781
235,0.01730357444355801
236,0.017289750940971457
237,0.01819091445719034
238,0.01696226763996785
239,0.0172704666600389
240,0.01728034268085987
241,0.016883765639326836
242,0.01768667971462769
243,0.01772331157541376
244,0.01769103640216892
245,0.017256446782562693
246,0.016940250258766495
247,0.017932896178720865
248,0.016705814599043738
249,0.017052786393185793
250,0.017565803973288354
251,0.017189339521514663
252,0.017448847947673776
253,0.01731806138719795
254,0.017019055894244524
255,0.017298525428178453
256,0.016665324047839238
257,0.01723699952017958
258,0.017189275867984456
259,0.01728703283657462
260,0.016898422517766385
261,0.016688100512186856
262,0.01665963772368633
263,0.017109031536442748
264,0.016642197800831773
265,0.01722399600765715
266,0.01705699859944693
267,0.017021067322121334
268,0.016989842183509116
269,0.016464511990168337
270,0.016446661914430432
271,0.01645882994378522
272,0.016836601372618797
273,0.016440717898056668
274,0.016466015129018637
275,0.016711879868881178
276,0.016308855360089723
277,0.016480574218587854
278,0.016677827945263204
279,0.016324251116711205
280,0.01602911066769038
281,0.016457038323821154
282,0.016255465533458077
283,0.01609547519109259
284,0.016368468891892394
285,0.016590974648814587
286,0.016471877315286862
287,0.016653298660797084
288,0.017058454895928755
289,0.016227179696246728
290,0.015991816762834787
291,0.016403534402281553
292,0.015829752633442818
293,0.01623450025474116
294,0.015955894356751342
295,0.016649324667908378
296,0.015975972211335676
297,0.015978382545191856
298,0.015935207456666028
299,0.015853306089164847
300,0.015820103444916717
301,0.01600183892237433
302,0.016845682777969512
303,0.016061268620571847
304,0.016362402872261355
305,0.015476880602980568
306,0.016139113320574418
307,0.016150340998261157
308,0.01600736883958265
309,0.01589643403540476
310,0.015488640689369986
311,0.015399990887460063
312,0.01602016566952659
313,0.0158297691683648
314,0.015478894659081253
315,0.015984969584555444
316,0.01595807210463336
317,0.015357194965610565
318,0.015747528736305944
319,0.016014116287420867
320,0.01567390524008769
321,0.01612587297587829
322,0.015745459519074124
323,0.015475561668685937
324,0.01634714061047061
325,0.015694942072791568
326,0.015569568793210437
327,0.015550708445578309
328,0.015816607583566743
329,0.016036189911034653
330,0.015514663357477067
331,0.015735119841677154
332,0.015439409975720159
333,0.015396145456549475
334,0.015634452052004005
335,0.015536104565707304
336,0.01540733008029855
337,0.015589873764221952
338,0.01563624602000592
339,0.015243629640820672
340,0.015215473470546432
341,0.015504721465315355
342,0.015621411866682061
343,0.015204470865112745
344,0.015199320477638709
345,0.015587654911865622
346,0.015952146990950836
347,0.01527531466336321
348,0.015508465445205823
349,0.015370471126762993
350,0.015423903083902294
351,0.015293417443221404
352,0.015254782252329386
353,0.014762648949557441
354,0.01517582047825395
355,0.01506876980222888
356,0.015049940606547614
357,0.014958961480060371
358,0.015026988437935963
359,0.014582970779452283
360,0.015533132012933493
361,0.014986739541261883
362,0.015210968718500965
363,0.014831587356531013
364,0.01607812271784928
365,0.014788705595153369
366,0.015119457593724385
367,0.014481254971696663
368,0.015123971848417137
369,0.015330293057959968
370,0.015221211569920436
371,0.01491926738329358
372,0.015316753253593282
373,0.014634008882409436
374,0.015342398341429435
375,0.014593581416470519
376,0.01475171419649811
377,0.015029827480093908
378,0.028867843039965226
379,0.013896198623608483
380,0.014966834944246684
381,0.015075846417349274
382,0.014848186350348642
383,0.015295747549162578
384,0.014870703457144358
385,0.014989239234729843
386,0.014906372914438025
387,0.014809186246751224
388,0.014973761813746671
389,0.01517697442638672
390,0.014389090137398345
391,0.017133472881958645
392,0.01484880223081021
393,0.014954682510598736
394,0.014992291265625065
395,0.014426462020788152
396,0.014958970524938935
397,0.014756151088276657
398,0.014689122176713358
399,0.01501060028607815
400,0.015327050248003108
401,0.014678335101422618
402,0.014777499476005719
403,0.014690582427369842
404,0.014275680651288416
405,0.01456687820412345
406,0.014826943703248338
407,0.014460799655229863
408,0.01442264823116741
409,0.014449238520652309
410,0.014395303775603741
411,0.014459901149937157
412,0.01501034379352705
413,0.014575641089261083
414,0.014611966189754716
415,0.014098957362505844
416,0.014543970549573838
417,0.01430899721680809
418,0.014558965892736184
419,0.014530642628985442
420,0.014773346752054611
421,0.014707634028173605
422,0.014595541905738035
423,0.014136961795452792
424,0.014381104385701277
425,0.014473665442507146
426,0.01448702898223774
427,0.014401942096903162
428,0.013796456197623983
429,0.013937379059902692
430,0.014015010321291826
431,0.014070634816978442
432,0.014157555018693714
433,0.014614053780875973
434,0.014015878779592655
435,0.014322490257731938
436,0.013819102805612956
437,0.0140049709441235
438,0.01443275574089612
439,0.014352273077593517
440,0.014454198807825223
441,0.014761510052544585
442,0.01427741119859077
443,0.014067177700226084
444,0.0145040574183656
445,0.014050645927377677
446,0.01385436415025112
447,0.014191523707329722
448,0.0143477904878683
449,0.014075641354577522
450,0.0140787695250395
451,0.013891527831743834
452,0.01393900062667869
453,0.01399774961489237
454,0.01424829987809062
455,0.013995297979247772
456,0.014267977042976072
457,0.014029690569613949
458,0.014152253291301303
459,0.014009089114428577
460,0.013640890142612033
461,0.01424756862807198
462,0.014020122050986452
463,0.01412774687948621
464,0.013987624264022305
465,0.01427546602089779
466,0.013732094507096178
467,0.013604576198257884
468,0.014044489214291512
469,0.014475850960618611
470,0.013947504888272892
471,0.01383133759027568
472,0.013858408532973569
473,0.014107095787964635
474,0.013810825368421058
475,0.013828594087607275
476,0.013680403965320123
477,0.8251486920743739
478,0.012925594184800224
479,0.014080087109705654
480,0.014009003799755946
481,0.013691870322040582
482,0.014217674534894148
483,0.013944368477973897
484,0.013808434166140476
485,0.013679200065148583
486,0.013283977450771351
487,0.013403560323009298
488,0.014176690832601261
489,0.014639919813154108
490,0.013774832631698099
491,0.013626666636979682
492,0.013651784055597953
493,0.013638532164080416
494,0.013709033973578174
495,0.013303234624692191
496,0.013932997352932975
497,0.013345709054778188
498,0.013718454956503237
499,0.013649836679825843
500,0.013323804616170415
501,0.014083026900445507
502,0.013563260436058044
503,0.013869084015299203
504,0.013994683716761864
505,0.013292633707366757
506,0.013410704427446097
507,0.01353947649773021
508,0.013480115433270901
509,0.013364532457317337
510,0.013521470291287465
511,0.01379706819494397
512,0.01377340927483293
513,0.013621465705524562
514,0.013616303420010007
515,0.013756422448303487
516,0.0137222744287702
517,0.013423469241203393
518,0.013132004884182143
519,0.01322995024433328
520,0.01373497107050429
521,0.013476424783436676
522,0.013422398528052588
523,0.013600925307215775
524,0.013275909766365411
525,0.013601485683219665
526,0.012978545315090125
527,0.013388965022355571
528,0.013661020167045674
529,0.013439503458912596
530,0.013467209492573294
531,0.013393414775067466
532,0.013528185407236472
533,0.0135084480299788
534,0.013850989688377259
535,0.013316263649928368
536,0.01331675089737874
537,0.01362461803512553
538,0.013484951156049462
539,0.013147665909886107
540,0.013093782131070807
541,0.013225596844045034
542,0.013319622741033465
543,0.013511632300787052
544,0.013466762173605167
545,0.012868283127071493
546,0.013223229828527418
547,0.02449799299050691
548,0.012872587261974053
549,0.01354698602788908
550,0.012932302469734923
551,0.0135671864342639
552,0.013644764977270516
553,0.01299646528343023
554,0.013635320091714798
555,0.013187178919660085
556,0.013262023715207637
557,0.012996832563904888
558,0.013347718485836255
559,0.013277284039373873
560,0.013637929831205283
561,0.013114498107362602
562,0.013276324204911115
563,0.01327081719192408
564,0.013004664785497017
565,0.013033804716542363
566,0.012828374723509207
567,0.013283759166123503
568,0.013294516825827501
569,0.013082609464556484
570,0.012774172957228908
571,0.013119942335001493
572,0.013413531393980828
573,0.01344422741903592
574,0.013430461350638988
575,0.012881692838302608
576,0.013174033155506951
577,0.013809897479111865
578,0.013380374581852959
579,0.013502302524333789
580,0.013102129228034262
581,0.013404215891229905
582,0.012715884902656583
583,0.013203189053209656
584,0.01285213820825694
585,0.013609774789567722
586,0.013074847790649382
587,0.013123354791679372
588,0.01315683152889675
589,0.01333716915825666
590,0.012992328380124044
591,0.013019224384136625
592,0.01328996084709415
593,0.012992019212599529
594,0.013162727526909971
595,0.01270993341202453
596,0.012974650524083083
597,0.012997680177943687
598,0.012830192988769988
599,0.013033278858667965
600,0.012954848723770198
601,0.012759702643221718
602,0.012766221104095043
603,0.013383453380379636
604,0.01259497209388952
605,0.012761956329410106
606,0.013063240429323357
607,0.012429727939888835
608,0.013016038988637974
609,0.012740722707456957
610,0.013035597058676057
611,0.013102257533504044
612,0.012874055322322804
613,0.013085188462509442
614,0.01300663828171032
615,0.01327246893197298
616,0.013329441540764046
617,0.01258769853166857
618,0.012624902473131226
619,0.01268368981920688
620,0.012929991724253711
621,0.0129251611040179
622,0.012797861573112718
623,0.012736374776715697
624,0.01237551435843994
625,0.012964722554404604
626,0.014611086993620305
627,0.013524471663759422
628,0.012810281639666124
629,0.01312496304764586
630,0.013020159605637951
631,0.012941204173237844
632,0.012961003933322885
633,0.01252621732715328
634,0.012223734141532647
635,0.013107471965190213
636,0.012780351063110313
637,0.012580098607972011
638,0.012667626237212602
639,0.01268607877999923
640,0.012717750223385076
641,0.012800030394504636
642,0.013094684716819202
643,0.013017388873623085
644,0.012351553101818694
645,0.012507209254397174
646,0.012623734551213555
647,0.012582847153988936
648,0.012560975181443964
649,0.012720332240243838
650,0.012541424850065071
651,0.01263446475268673
652,0.012606956589556599
653,0.012883836024646031
654,0.012913443305987423
655,0.012247360512708961
656,0.012405203458048025
657,0.012397189983719234
658,0.012047793526770705
659,0.012549772834941998
660,0.01280224306303692
661,0.011928494147545958
662,0.012761105522829093
663,0.012366311127414643
664,0.012439290397027033
665,0.011890897436572586
666,0.012768219110666442
667,0.012244861371720494
668,0.01321848275897614
669,0.012443058291387003
670,0.012337237422875428
671,0.012088344294293705
672,0.012346843810025918
673,0.012541763409498637
674,0.012185669527783737
675,0.012788170254078962
676,0.012388007273360833
677,0.012355055375877073
678,0.012212474467390674
679,0.012672877093082515
680,0.012399396894625941
681,0.012607905484925387
682,0.01225044375869556
683,0.012911813515159538
684,0.011949481063727604
685,0.012487087343519523
686,0.011938963535289138
687,0.012174610928553393
688,0.012380506496055651
689,0.012323368084222332
690,0.012525106728929331
691,0.012239881605699153
692,0.012458306867471439
693,0.011830626813284421
694,0.012237745364812218
695,0.012513129210289
696,0.012056833452750312
697,0.01222000703594442
698,0.012104504907472153
699,0.012600071669035292
700,0.012280760621020601
701,0.012437193954395036
702,0.01254398456648371
703,0.012492054327533154
704,0.012143535156718503
705,0.012247008977899864
706,0.01262837233242847
707,0.012591111094896065
708,0.011502052531025167
709,0.012289497551460892
710,0.01202273012486176
711,0.01227769422171227
712,0.012351759346359866
713,0.012597571537530019
714,0.012632091111361475
715,0.01218914115106908
716,0.012188497161240144
717,0.012159057652135775
718,0.011827330049758746
719,0.012129232125609355
720,0.012107370373935012
721,0.012178819579214363
722,0.012405055342242122
723,0.012334575371469482
724,0.012092777468674517
725,0.01197628854079393
726,0.01173912738134169
727,0.012593515075238074
728,0.011798220090725916
729,0.012202866998958891
730,0.01255100803702312
731,0.012365690156249172
732,0.012262923773220283
733,0.012148922242192646
734,0.01234611222062702
735,0.012345643390475189
736,0.011813282974506333
737,0.012274751210806229
738,0.012120932545828618
739,0.011891303520839093
740,0.012732408999986315
741,0.012038710775737793
742,0.01211311571079038
743,0.012132875972537923
744,0.01230321401509188
745,0.011950646235086656
746,0.01173263629188098
747,0.012364769109793134
748,0.01213446430372611
749,0.011960105591658818
750,0.012433446130825806
751,0.012083312828030627
752,0.012451758919978293
753,0.012150272655979557
754,0.011794407532345189
755,0.012116453914224343
756,0.012086105730258307
757,0.011714317520164837
758,0.012004703105727241
759,0.012306922068030147
760,0.01171183999296341
761,0.012049650702372952
762,0.011813758280507083
763,0.012285196175009517
764,0.012113096370061829
765,0.01179230964142766
766,0.011806437785153166
767,0.01217320955642578
768,0.012103017182799719
769,0.011955709682019838
770,0.012022474015100022
771,0.011951916882673563
772,0.013156646527192098
773,0.011809314170978585
774,0.012278633626272618
775,0.012073897689549347
776,0.01190750568836801
777,0.011992785874438487
778,0.01231718140306993
779,0.011924093320839485
780,0.011452136044311573
781,0.012137877746974514
782,0.011843703189959465
783,0.01186217502611926
784,0.011591889157544001
785,0.011898443240956482
786,0.011423068093451656
787,0.011857139653036907
788,0.011583829582747767
789,0.011489707001847989
790,0.012153485564956977
791,0.011931380635853542
792,0.01176528264452719
793,0.011913875674323763
794,0.011862092556716022
795,0.011523834753276433
796,0.011446919978864618
797,0.01166931298656105
798,0.011694825605599809
799,0.011899735458921326
800,0.011569304431204573
801,0.012107817925733783
802,0.011722186805238411
803,0.011852644885085145
804,0.011389525993963924
805,0.012002426594243212
806,0.01201379241942728
807,0.01153691578656435
808,0.01178271622570642
809,0.01164902410059536
810,0.011993072583671596
811,0.01156250330998357
812,0.01163250633310211
813,0.01175499394125605
814,0.011483885671438302
815,0.011735658504668687
816,0.011898668723622873
817,0.011364831431311066
818,0.011846525961596329
819,0.011543468710319218
820,0.011782776595929922
821,0.011938481611373314
822,0.01173811952851839
823,0.011582864361609949
824,0.01200429322513736
825,0.011458281072456453
826,0.011479865716202027
827,0.011987967704722689
828,0.011642703518145165
829,0.011727534447623006
830,0.0115072346584461
831,0.011836931717155849
832,0.011577457864374176
833,0.011277992743998766
834,0.012112854001254348
835,0.011743817391600145
836,0.011536989270283257
837,0.011467928643006895
838,0.011668047808521128
839,0.011124488554295089
840,0.011274856333699772
841,0.011128812239079152
842,0.011389917674300781
843,0.011840800115428233
844,0.011210857369637086
845,0.011496186086718561
846,0.011765711865845626
847,0.011952349047918441
848,0.011931393398129838
849,0.012033631010928143
850,0.011310330189575078
851,0.011728878156676635
852,0.011387129681248028
853,0.011643342184439555
854,0.011284037035400584
855,0.01152697327878263
856,0.011228514128853962
857,0.011552992182136592
858,0.01171510509546783
859,0.011573627823963761
860,0.01172785475550188
861,0.011487165047645064
862,0.011317103012007172
863,0.01150453326655394
864,0.01145958489643694
865,0.011344786934649288
866,0.011494340453991446
867,0.011167760105740469
868,0.011565181170195594
869,0.011954137191207985
870,0.01134256309419239
871,0.011517955459875323
872,0.011102062306698348
873,0.011599514534760077
874,0.011580253528999322
875,0.011482439627397364
876,0.010999177456280942
877,0.011762009696813963
878,0.011821217254846025
879,0.011420575684820444
880,0.011743362061679363
881,0.011209379794802202
882,0.01169155515982943
883,0.011020929193503018
884,0.01152298622764647
885,0.010987121272453312
886,0.011719811865586346
887,0.01088057171506018
888,0.011288501345947131
889,0.01151095503167707
890,0.011352066238710688
891,0.011324572159861357
892,0.011249661946795502
893,0.011500439732887988
894,0.011235064104736105
895,0.011333935459981025
896,0.011378199308005682
897,0.010906695506645966
898,0.011104090241873163
899,0.010909658698838646
900,0.01096784967092513
901,0.011088532821859344
902,0.011653593461171298
903,0.01109868255680648
904,0.01139204183561822
905,0.011086084690513247
906,0.011639705393463373
907,0.011089744030545324
908,0.010985562494971741
909,0.011681681309463614
910,0.011235342949028995
911,0.010878433741755405
912,0.011229821729426414
913,0.01140034765052467
914,0.011459873310463914
915,0.011047748852742173
916,0.010864310017865846
917,0.011061080052690991
918,0.04806990221821529
919,0.010412473263124288
920,0.011193516293256465
921,0.011537872602121305
922,0.01138344104007139
923,0.011162757048762198
924,0.011145176610641055
925,0.011135052175308436
926,0.010907255973414345
927,0.01108753979916416
928,0.011579140610361503
929,0.011209190909955966
930,0.011132989639132205
931,0.01131337062234722
932,0.010986366620981845
933,0.010742747816809659
934,0.011642610634503475
935,0.011386464342032955
936,0.010849169313402499
937,0.011434854114807005
938,0.011072586132687027
939,0.01082046386012334
940,0.011043880951701331
941,0.011276588834411764
942,0.01097971253428545
943,0.011375633976027623
944,0.01108895615532489
945,0.011021732786765038
946,0.011109748350109085
947,0.011201617339531244
948,0.010948348810138592
949,0.011218015376825706
950,0.010846681241735311
951,0.010684166908643003
952,0.011073621550290767
953,0.010451352125096876
954,0.011187725475499942
955,0.011284070286773524
956,0.010824784529947881
957,0.010879534999129631
958,0.011212445329874754
959,0.01084817614864116
960,0.010799844891338025
961,0.01119474990103962
962,0.010969100958052076
963,0.011170357536777096
964,0.010563422116782453
965,0.010693433398570297
966,0.011314071418906925
967,0.01086064945448632
968,0.010897359558207503
969,0.01114767030576023
970,0.010905554971926041
971,0.010900320639139262
972,0.010767996255939796
973,0.010981089348699583
974,0.011028859476258947
975,0.011285500474653001
976,0.010840691440596672
977,0.01106524778435291
978,0.011094932018195168
979,0.016708824242922967
980,0.01061093991906461
981,0.011018798552390378
982,0.010826185598211774
983,0.01061052243793541
984,0.010884146486266942
985,0.011017261120348664
986,0.01086792036085942
987,0.01108041608516695
988,0.01138059304379937
989,0.011420740371064867
990,0.01104524488150442
991,0.010772952604723178
992,0.01103167644686113
993,0.011123307783282915
994,0.01068856676456408
995,0.010694937224073683
996,0.010469238455328395
997,0.011286823153969342
998,0.010681882907115555
999,0.010817198023610449
1000,0.011100735748186707
1001,0.010741379774980625
1002,0.011139355256553676
1003,0.0109770474639737
1004,0.010787717106168047
1005,0.010763922793064581
1006,0.010674794725442336
1007,0.010819856416812892
1008,0.010958476142042269
1009,0.010894862323273288
1010,0.010934811712921424
1011,0.010867909291538141
1012,0.010844402082295994
1013,0.010846859988582841
1014,0.010787297174397666
1015,0.0105202388120973
1016,0.01076021226186116
1017,0.010761172972398541
1018,0.0107820734847337
1019,0.010759716482548896
1020,0.010889457116471761
1021,0.010991781133116555
1022,0.010716014738999685
1023,0.01050622992501673
1024,0.010622690329170329
1025,0.010740534627368138
1026,0.011251230112482177
1027,0.010651123283778206
1028,0.01055689430322056
1029,0.010568634796319372
1030,0.01133735282188755
1031,0.010695875125100552
1032,0.010740603521560966
1033,0.011049939358954207
1034,0.010492068466777771
1035,0.010798026815498784
1036,0.010445026108616237
1037,0.1924494252287609
1038,0.009595707792915025
1039,0.010419449184910726
1040,0.011134215405652835
1041,0.010574415330064752
1042,0.010776503923175446
1043,0.010742927917231948
1044,0.01077184281154078
1045,0.010708506444027112
1046,0.010621909079757534
1047,0.01080017444930213
1048,0.010981904812378146
1049,0.010332301811520325
1050,0.01036138615523607
1051,0.010942630568456095
1052,0.010304906504165571
1053,0.010464026379572638
1054,0.010468845894970632
1055,0.010751472367763014
1056,0.01066508621245749
1057,0.010516976767961504
1058,0.010269662250875163
1059,0.010983098112835975
1060,0.01080098990508813
1061,0.010429904235811051
1062,0.010577230556410248
1063,0.010723529332238486
1064,0.010633582774139309
1065,0.010776038482879936
1066,0.01064467659788364
1067,0.010722574880504506
1068,0.01056613979103454
1069,0.010321441347221448
1070,0.010708582974275795
1071,0.011037420473550842
1072,0.01076013178927666
1073,0.010584651145263243
1074,0.010700111557587476
1075,0.010507718659937382
1076,0.010638467742572143
1077,0.01054034480761926
1078,0.010509788745351262
1079,0.010513489067522903
1080,0.010257907128908623
1081,0.010470711334087586
1082,0.010611083169104689
1083,0.010662776725840265
1084,0.010648849763576005
1085,0.010378958629759944
1086,0.010358496486225117
1087,0.01051089799000045
1088,0.010467899631772
1089,0.010466565452989633
1090,0.010236897276935436
1091,0.010578659568297661
1092,0.010520043818406382
1093,0.010531119706298588
1094,0.010503103479080029
1095,0.010729237037347787
1096,0.010542265060594526
1097,0.010726517350491831
1098,0.010439237911191028
1099,0.01010163305169445
1100,0.010904443497627469
1101,0.010471214556087882
1102,0.010606840592256542
1103,0.01020845869887557
1104,0.010412916205665571
1105,0.010378192202582702
1106,0.010417173521877345
1107,0.010484531884855134
1108,0.010590014817445712
1109,0.01015188124709589
1110,0.010415869169095057
1111,0.010497454774834342
1112,0.010477232829651843
1113,0.01068475343271206
1114,0.01071367233249722
1115,0.010716400136855446
1116,0.010374145069301633
1117,0.01080475595653436
1118,0.010714234192303176
1119,0.010726214366791359
1120,0.010500734135255976
1121,0.010623875547642424
1122,0.010274186347595464
1123,0.010673602778559266
1124,0.010726592286442549
1125,0.010697806798616203
1126,0.010638440343535553
1127,0.01036866852555866
1128,0.010566422321154909
1129,0.010605797503080409
1130,0.010590075432338704
1131,0.010243553119727362
1132,0.010079541133116867
1133,0.010404909057226979
1134,0.010480354437446696
1135,0.010319508813416301
1136,0.010566273128013995
1137,0.010515145953523658
1138,0.010640138673390878
1139,0.010187886844752199
1140,0.010190561390087262
1141,0.010679014713771768
1142,0.010517300516998365
1143,0.010269193475971283
1144,0.010341835543671149
1145,0.010423010641361698
1146,0.010364506354208216
1147,0.010166781141533184
1148,0.010772202929513435
1149,0.010143617077304398
1150,0.01046811066709964
1151,0.010413797438081544
1152,0.00988701241627588
1153,0.010334531855532679
1154,0.010300016381888318
1155,0.010422753276682253
1156,0.010471574997655669
1157,0.01029638543140964
1158,0.009944675288999737
1159,0.010371572172300796
1160,0.010732867478756077
1161,0.010240402747482315
1162,0.010436343159368736
1163,0.010369651631246937
1164,0.009802879576208227
1165,0.010155535054440468
1166,0.01042737960973281
1167,0.010179310855534623
1168,0.010499571659207597
1169,0.010300097178067949
1170,0.010299682723737116
1171,0.010463632355144217
1172,0.010175779039608472
1173,0.01009427782905809
1174,0.010340279978463205
1175,0.009977090452655645
1176,0.010343661212157143
1177,0.010376786150164524
1178,0.01035125215411565
1179,0.010057694602252568
1180,0.010319921795783912
1181,0.01075849526609152
1182,0.010154116760655228
1183,0.010090768692415144
1184,0.010015659752475509
1185,0.0103634338139288
1186,0.010075942123845473
1187,0.010478401386920931
1188,0.009832890767414691
1189,0.010140678963734436
1190,0.010385205621941614
1191,0.010112572524507167
1192,0.010746817080840722
1193,0.010385274216217004
1194,0.010269207074859385
1195,0.010317138498806852
1196,0.010258024487391873
1197,0.0101768761967956
1198,0.010349709856308113
1199,0.010240855634654477
1200,0.009830073563981865
1201,0.010201578624388677
1202,0.010137632879886335
1203,0.010453351619416627
1204,0.01009582951112445
1205,0.010201882334205053
1206,0.010251988846240408
1207,0.009914348691196765
1208,0.010180132191280946
1209,0.010229142891811364
1210,0.010382506625442687
1211,0.009920776533594324
1212,64878.57560118681
1213,0.009396620272358849
1214,0.008261670196681456
1215,0.009352468988084691
1216,0.01171556441507981
1217,0.009922999209898004
1218,0.010081996494051764
1219,0.010215183408236352
1220,0.009951390570692591
1221,0.010078040555403647
1222,0.009842638360431134
1223,0.010502372860466526
1224,0.010440259015629604
1225,0.010153290957717572
1226,0.009987866750649981
1227,0.01010763754089505
1228,0.010094066351746856
1229,0.009961929156492322
1230,0.009838799748696008
1231,0.00995132703949713
1232,0.009977080626413226
1233,0.00981272771654619
1234,0.010319401774460734
1235,0.009804824071194408
1236,0.010308244620781329
1237,0.010078430349417663
1238,0.009866388790877693
1239,0.009850458384065305
1240,0.010023317047221175
1241,0.009663508115809853
1242,0.009935534318467066
1243,0.009782081004232168
1244,0.00998331195580126
1245,0.00987121049646225
1246,0.01021040498152754
1247,0.010134795593823923
1248,0.010002607120579834
1249,0.010140629497088365
1250,0.010373394620620598
1251,0.009923046679725335
1252,0.009935373898153589
1253,0.009938114914664273
1254,0.009897537478166869
1255,0.010234793999342847
1256,0.010137793272575838
1257,0.010141009745045991
1258,0.010019657284936916
1259,0.009958737249628214
1260,0.010069007906368223
1261,0.009629340743709166
1262,0.00962243125363553
1263,0.009796283776098388
1264,0.009861440918708251
1265,0.009845123938048038
1266,0.010030113527614433
1267,0.009915147225325138
1268,0.00991492800146215
1269,0.009707747039116792
1270,0.010033397248677783
1271,0.010157411326101776
1272,0.01074992231945744
1273,0.009938001569549916
1274,0.009685389855403011
1275,0.009761944993288588
1276,0.009973975399635354
1277,0.009763701049358411
1278,0.010065712401706535
1279,0.009895632288150363
1280,0.009865692907439197
1281,0.010020979656443253
1282,0.009727595030661609
1283,0.00977767784921926
1284,0.009800124258371228
1285,0.010188123112607557
1286,0.009713721832544622
1287,0.009949339099891357
1288,0.009898264016324685
1289,0.009743720470627739
1290,0.009676056120828804
1291,0.00959874732988113
1292,0.009864886263701118
1293,0.010087259133520016
1294,0.009994724678601755
1295,0.009495599593935629
1296,0.009710567143066959
1297,0.010077552475287752
1298,0.009815077060612581
1299,0.00966002564814131
1300,0.009597033566116528
1301,0.009646883613224758
1302,0.009546145717850176
1303,0.010049294802691724
1304,0.010043126594085815
1305,0.009659809237977459
1306,0.009425434927156164
1307,0.009739649414984604
1308,0.010038585690150068
1309,0.009823212123839027
1310,0.017388116619628618
1311,0.008839658710126907
1312,0.00986215315159347
1313,0.010083567599718601
1314,0.009593902562224007
1315,0.009880780609387714
1316,0.009678614688879353
1317,0.009720242992674901
1318,0.009725455048699247
1319,0.009694362118429804
1320,0.009633257590486841
1321,0.00946891131826629
1322,0.010032044088278534
1323,0.009477669294228998
1324,0.009920000335422613
1325,0.009670613874223525
1326,0.00976784061640501
1327,0.009509928279824682
1328,0.009753671336634937
1329,0.009563119655822292
1330,0.009453857053165971
1331,0.009350569228152349
1332,0.009624985516292312
1333,0.010091049734787163
1334,0.01009847614440625
1335,0.009527855888166922
1336,0.009248501913211608
1337,0.009743553467915726
1338,0.009904826643987227
1339,0.009505722908524134
1340,0.009308289716777912
1341,0.00959070095934479
1342,0.009356601759633524
1343,0.009600841712553874
1344,0.009530977677490752
1345,0.009473622117538825
1346,0.009538589230880646
1347,0.009815900448425594
1348,0.010127697353077642
1349,0.009793737504662852
1350,0.009722283074506005
1351,0.009971562915055429
1352,0.009487870618921973
1353,0.009696737140953794
1354,0.009910625295113709
1355,0.009592441478902
1356,0.009608024127497259
1357,0.009805248328089967
1358,0.009682468927891577
1359,0.009638094114360668
1360,0.009698784989068064
1361,0.009456477735696708
1362,0.009180170314197066
1363,0.009427404196901341
1364,0.009553833430538238
1365,0.009568601558616354
1366,0.009518032467340008
1367,0.009646152019879575
1368,0.009659597113475962
1369,0.009389341816748097
1370,0.009523764284232916
1371,0.00954603474839764
1372,0.009746502713947478
1373,0.009511064852477383
1374,0.009416904063674352
1375,0.009532830642410001
1376,0.009660049223230553
1377,0.009863271137257502
1378,0.009564589851109659
1379,0.009474526976345706
1380,0.009761272519195483
1381,0.009825589529917403
1382,0.009546222469090657
1383,0.009370929822010004
1384,0.009702050036324536
1385,0.009513920283544872
1386,0.00927041802492182
1387,0.009436811474388686
1388,0.009356002082606242
1389,0.009068326649682249
1390,0.009527697200271286
1391,0.00932517587365109
1392,0.00965880764001128
1393,0.009485022819964058
1394,0.009375937555332557
1395,0.009582399540596594
1396,0.009683770758999606
1397,0.00933929568282881
1398,0.009055721581424191
1399,0.009552651538781948
1400,0.009846478227083967
1401,0.00908614114968706
1402,0.009525524424704708
1403,0.009765262822068091
1404,0.009578557546897713
1405,0.009563077185934379
1406,0.009577782134036138
1407,0.009379673271708317
1408,0.009385265311289389
1409,0.009397853426319562
1410,0.009357369714021936
1411,0.009534044045228826
1412,0.00951484268752195
1413,0.009741452806708167
1414,0.00957818634381865
1415,0.009581155301529472
1416,0.009725559206868885
1417,0.009617303308667773
1418,0.009328296530391958
1419,0.009554494136818132
1420,0.009472340270403331
1421,0.009229626139562767
1422,0.009421445524035874
1423,0.00940075088134509
1424,0.009210270916316973
1425,0.009376959622663966
1426,0.0093654266369166
1427,0.055936882694614894
1428,0.008684500783555588
1429,0.009210045627018406
1430,0.009265780669905372
1431,0.009663792990021786
1432,0.009120539067534067
1433,0.00916594416850199
1434,0.009411225059874734
1435,0.009274723809370297
1436,0.009270816915116067
1437,0.009528095084163597
1438,0.009438019277433218
1439,0.009155063349280065
1440,0.009483211709312716
1441,0.009192591252878813
1442,0.00950712573682984
1443,0.009306937448238418
1444,0.0094785411305473
1445,0.009029352173240761
1446,0.009336694921130094
1447,0.00934643491360722
1448,0.009115347654511363
1449,0.009567677812903361
1450,0.009110024581679095
1451,0.009524437121383972
1452,0.009271334110901265
1453,0.009305334480289938
1454,0.009388774996465546
1455,0.00949274685423253
1456,0.009212546528048687
1457,0.00934887038133407
1458,0.009330768552529862
1459,0.009250837555786564
1460,0.009277067522092139
1461,0.009087892616230804
1462,0.009151460843602731
1463,0.009370221310468801
1464,0.009522226646984532
1465,0.00945116356962313
1466,0.009257791642794165
1467,0.009291848645277195
1468,0.009333005857701271
1469,0.0092127842165656
1470,0.00945009604506826
1471,0.009224392363201763
1472,0.009440568098166988
1473,0.009570844416206672
1474,0.00939850948782543
1475,0.009078665510198827
1476,0.009139350386557438
1477,0.009417982251083448
1478,0.009094316508399985
1479,0.009163370217843834
1480,0.00936797514984037
1481,0.009134898988245908
1482,0.00869039817460639
1483,0.009129447270563598
1484,0.009262213400580872
1485,0.009059937733967426
1486,0.008758256413137256
1487,0.009647939342342444
1488,0.009165446408156116
1489,0.009183872313538597
1490,0.009085966380691882
1491,0.00929278410750173
1492,0.009133045754979476
1493,0.008856349458949546
1494,0.009270389074996367
1495,0.008958014312310743
1496,0.00947689404316499
1497,0.009235325521963128
1498,0.009023931611455599
1499,0.00930470765678812
1500,0.008923804442698167
1501,0.009206046480527622
1502,0.008857459003516173
1503,0.009217269249039433
1504,0.009147489056685719
1505,0.009038070153634427
1506,0.00897305508901886
1507,0.008937768243505792
1508,0.009227576385394244
1509,0.009109764861069241
1510,0.009050621931299062
1511,0.009056194957692996
1512,0.009173636462823567
1513,0.009355744283835767
1514,0.009135476431919861
1515,0.00900988804444797
1516,0.009183205577339662
1517,0.00903273307150072
1518,0.008920895902566233
1519,0.00851820755386883
1520,0.008990707475755174
1521,0.009172577434614047
1522,0.009208550885856405
1523,0.00891717356408678
1524,0.009123733002787172
1525,0.009004550520330667
1526,0.009126701139671317
1527,0.00877256595166558
1528,0.009031518370355084
1529,0.00889711195239955
1530,0.00896878516443579
1531,0.008942981514985026
1532,0.009249818274530313
1533,0.009078530034334478
1534,0.008880448263233243
1535,0.009087296846022799
1536,0.008999711234059375
1537,0.009179002001597467
1538,0.008896990706828438
1539,0.008915711569173609
1540,0.009132826424566871
1541,0.008786073629349724
1542,0.00882608704347858
1543,0.008761861235282178
1544,0.008898861848323022
1545,0.009116852829643226
1546,0.008886111545044992
1547,0.008899243856322462
1548,0.00917663279983957
1549,0.008769009439906075
1550,0.008758835198547123
1551,0.009064903830067587
1552,0.008951611599837572
1553,0.008875440829828128
1554,0.009031077436471389
1555,0.008767944247603921
1556,0.008907536320956581
1557,0.009275343572973447
1558,0.008988717637987713
1559,0.008819086311416606
1560,0.008595248100237322
1561,0.008938111313539793
1562,0.008849921277171727
1563,0.009195967841798724
1564,0.009267578678900155
1565,0.00905730378009
1566,0.008922075426553265
1567,0.008929639143111595
1568,0.009066813905581327
1569,0.008845260721962836
1570,0.009065804766270063
1571,0.009203283309589251
1572,0.008867879236369567
1573,0.008806568609897867
1574,0.008824933920118768
1575,0.008967711191655974
1576,0.008728564847102863
1577,0.008576640160754323
1578,0.00847531367740515
1579,0.00910806770720598
1580,0.008925668875513187
1581,0.00871492286165387
1582,0.008846220690599186
1583,0.008694500405878082
1584,0.008833636085786935
1585,0.008765418007496303
1586,0.008866850235420515
1587,0.009243572979249944
1588,0.008805012878946077
1589,0.008707383635722227
1590,0.008909321899162763
1591,0.008813267924933362
1592,0.00885817430266258
1593,0.00873444217920177
1594,0.008770180222878263
1595,0.008711093275065897
1596,0.019787664931677912
1597,0.008280979583860707
1598,0.008823089372619228
1599,0.008857563228772606
1600,0.008686781781962362
1601,0.008649534005198186
1602,0.008603962872303644
1603,0.008583905479191975
1604,0.008836323979421187
1605,0.0088559607738408
1606,0.008763883910062959
1607,0.008721299461578414
1608,0.008394885464902904
1609,0.008524878783214647
1610,0.008742052150132545
1611,0.008291924392046818
1612,0.008674849400896642
1613,0.008579911995616
1614,0.008927183940027983
1615,0.008535572019863432
1616,0.008447806769192724
1617,0.008352925049898735
1618,0.008933857146461131
1619,0.008958361316787995
1620,0.008401019143540476
1621,0.008456323607587966
1622,0.008471390260067784
1623,0.008837975277486494
1624,0.00853741889961569
1625,0.008708015723564362
1626,0.008650777743087482
1627,0.008971887060551572
1628,0.008561494014367966
1629,0.008876587319487737
1630,0.008361814946125624
1631,0.008296268163406747
1632,0.00865038592463075
1633,0.008483435110173236
1634,0.008262409943045449
1635,0.008767785350555333
1636,0.008358749568904355
1637,0.00866408928660518
1638,0.008481092699724486
1639,0.00880666244064726
1640,0.008756285059755132
1641,0.008584214117914692
1642,0.008605319592249343
1643,0.008369026745085493
1644,0.008538784111960459
1645,0.008618342362628397
1646,0.00846035715381978
1647,0.008529427354776506
1648,0.008647206827398326
1649,0.00835799906497537
1650,0.008604852084102015
1651,0.008694524170388863
1652,0.008699263442086718
1653,0.00876037348298577
1654,0.008365128753643673
1655,0.008271291682307245
1656,0.008817795261551263
1657,0.008526079514521664
1658,0.00867661568967594
1659,0.008424817272698728
1660,0.008329427102580667
1661,0.008053836921798223
1662,0.008394532876436487
1663,0.008580855883152808
1664,0.008574058408296462
1665,0.00859546235573115
1666,0.008569470973748524
1667,0.008767300687919734
1668,0.008461137669224102
1669,0.008439875053936395
1670,0.008125928759385469
1671,0.008152154155896377
1672,0.008265688166937839
1673,0.008373060366296666
1674,0.008485775362005678
1675,0.008453086294802063
1676,0.008395034772486
1677,0.008588236563254968
1678,0.008477410786958822
1679,0.008439458369956179
1680,0.008570127406204909
1681,0.008272521817362157
1682,0.008390662611572671
1683,0.00844824924607272
1684,0.00819149680861856
1685,0.00853926491513217
1686,0.008440624650220498
1687,0.008262905083060011
1688,0.008315939799550984
1689,0.008623751823522024
1690,0.008366621576912574
1691,0.008406743509852784
1692,0.008709165926675424
1693,0.008215640916220717
1694,0.008339776831158137
1695,0.008255883964504732
1696,0.008217878446330205
1697,0.008436436133490781
1698,0.00829289713085203
1699,0.008536432202810706
1700,0.008496604642783434
1701,0.00825950674223319
1702,0.008359394825489844
1703,0.00801003142260015
1704,0.008615318504241059
1705,0.008439439794806353
1706,0.008304145593606567
1707,0.008382316757688078
1708,0.008391763399339329
1709,0.008291624273347148
1710,0.00831690322513045
1711,0.00837005368212901
1712,0.00816303372414688
1713,0.00844378994335815
1714,0.008486697525259549
1715,0.008248321487078979
1716,0.008122336186500172
1717,0.008454293967619285
1718,0.008389958393586389
1719,0.008154114518882864
1720,0.008182247413985305
1721,0.008305690057922975
1722,0.008288214657992378
1723,0.008272997813962273
1724,0.008446979766585311
1725,0.008172715911483866
1726,0.008225321189610887
1727,0.008186259527959056
1728,0.008058109026702152
1729,0.008501541966540833
1730,0.008281383300357955
1731,0.00836709436913163
1732,0.008318240643810417
1733,0.008340745986739204
1734,0.008221093659936372
1735,0.008385824639413316
1736,0.008443191726455244
1737,0.008238427877678709
1738,0.008200512753041872
1739,0.008169606237246071
1740,0.00805905596274188
1741,0.007812225512402542
1742,0.008108918306465119
1743,0.008293061162013624
1744,0.008033902498782945
1745,0.007949938488555915
1746,0.008031331795914951
1747,0.008150133103037537
1748,0.007947026444125479
1749,0.008462833359016705
1750,0.008149279849761623
1751,0.007962561453203275
1752,0.008333235919885969
1753,0.007928383252504518
1754,0.008256070169825422
1755,0.007922086256982411
1756,0.007968610113139376
1757,0.007986221872901513
1758,0.00790409252079109
1759,0.007917219358575294
1760,0.008339874631867318
1761,0.008039686079058101
1762,0.00781670648809838
1763,0.007967584095579587
1764,0.007977496288022247
1765,0.008210366690468233
1766,0.008124947982003628
1767,0.007802088318739907
1768,0.007903964767800802
1769,0.0079878948636795
1770,0.00804805649460246
1771,0.00825905043758073
1772,0.007736153778288577
1773,0.007852028569964281
1774,0.0077815644198365634
1775,0.007919797965846324
1776,0.007911017002790408
1777,0.008232150621459646
1778,0.008178239412037498
1779,0.007964647745997724
1780,0.008377434243842706
1781,0.008087826135047412
1782,0.008038741398318592
1783,0.007838962425998712
1784,0.007772226415385129
1785,0.007806517254813748
1786,0.00793584682031582
1787,0.007845404111953863
1788,0.008021971005630695
1789,0.008141511052815338
1790,0.007953881858295556
1791,0.007683539589456582
1792,0.007740360424238242
1793,0.007889414170630655
1794,0.007911400194674477
1795,0.007844668651252227
1796,0.007969931008736207
1797,0.007722106079523594
1798,0.007825138710312924
1799,0.007866979296461253
1800,0.007790658173103959
1801,0.007847686053522058
1802,0.007988408906385303
1803,0.007928512820784571
1804,0.007601938703713023
1805,0.008013844908357172
1806,0.0075997371281797095
1807,0.008047262336900932
1808,0.007854748150270622
1809,0.007957740813114886
1810,0.007941071362376718
1811,0.0077202158025071275
1812,0.007896797163254124
1813,0.007551569535033935
1814,0.007759566178103372
1815,0.007941197288238395
1816,0.007802993828683334
1817,0.00785814992830915
1818,0.008026513791943
1819,0.007592955529216235
1820,0.0077982614827105555
1821,0.007851405779562764
1822,0.007682678743533917
1823,0.007815400410790816
1824,0.007820856828495102
1825,0.00789823047658902
1826,0.007563213431039604
1827,0.007576085161417723
1828,0.007865307588224946
1829,0.007768289130812479
1830,0.007794803888458064
1831,0.007642996158071999
1832,0.007756308068410825
1833,0.00796016457616904
1834,0.007506617064729838
1835,0.007742693304415729
1836,0.007754324159932212
1837,0.00743237161077559
1838,0.007672320262102758
1839,0.0074953235393800475
1840,0.007617667569952496
1841,0.007700099862354286
1842,0.007570991931893563
1843,0.007373021706402049
1844,0.00765660810836796
1845,0.00773391920789066
1846,0.007649002612521083
1847,0.007342680150216793
1848,0.00749668969883252
1849,0.0074580264538210836
1850,0.007452924439872978
1851,0.007764347615825422
1852,0.0076135617317789695
1853,0.007616379925728602
1854,0.007647349282120497
1855,0.007596120838139017
1856,0.007440088301013082
1857,0.007656378999068323
1858,0.007687834513736731
1859,0.007509133119483368
1860,0.0073486099974646914
1861,0.007684611577256504
1862,0.007306318655136531
1863,0.007258910409537918
1864,0.007345289844325033
1865,0.0074997953162923205
1866,0.007328239900959751
1867,0.007223852933779106
1868,0.00732394638550231
1869,0.007383772981021617
1870,0.007212559893822013
1871,0.007710691971578083
1872,0.007415909284599505
1873,0.007463678863625658
1874,0.00764725248771325
1875,0.007504061618188428
1876,0.007279728559019454
1877,0.007357737092869514
1878,0.007663190372730211
1879,0.007493848111322623
1880,0.007491891359184253
1881,0.007173715463160711
1882,0.007379589476070161
1883,0.007098832885908373
1884,0.007523569755919151
1885,0.006994095623051211
1886,0.007330951395334076
1887,0.007211737386029908
1888,0.007287036205278867
1889,0.007158896980523053
1890,0.007383021565501468
1891,0.007379571690176756
1892,0.00743792730509856
1893,0.007295741518107006
1894,0.0072538017303193526
1895,0.007191099968375796
1896,0.007128762775811099
1897,0.007329277283811973
1898,0.00708214026260174
1899,0.007184566807601664
1900,0.007224863233297306
1901,0.007395764145905436
1902,0.007176629646476042
1903,0.007249795381863744
1904,0.007431864205716273
1905,0.00718371718885156
1906,0.007160451010627262
1907,0.007285101236617666
1908,0.007035056646060893
1909,0.007252247372673729
1910,0.007059056710420271
1911,0.007253660050899548
1912,0.007265467188810393
1913,0.007158639237000528
1914,0.007116254308592465
1915,0.006983347726449118
1916,0.007145413288341488
1917,0.007162140954633133
1918,0.0070232827397915774
1919,0.007196572281704363
1920,0.007046774992624582
1921,0.0068941564827968
1922,0.00678450684852393
1923,0.007028172700271263
1924,0.006745120514405228
1925,0.006920276458327801
1926,0.006910490045734382
1927,0.007169524468165838
1928,0.006784786375523624
1929,0.006797015078965638
1930,0.007010793940842909
1931,0.006922592235318685
1932,0.007143070751611712
1933,0.006897259531226956
1934,0.00680111644600155
1935,0.006798949384651446
1936,0.007122600486628332
1937,0.006776175039457315
1938,0.006905733067068761
1939,0.006715322134353347
1940,0.006835496720021306
1941,0.006915358956745368
1942,0.006801914005398245
1943,0.006868918276376138
1944,0.006877991651042791
1945,0.007071656376218139
1946,0.006574511014998464
1947,0.006779790121935687
1948,0.006881574810072148
1949,0.006852719770997005
1950,0.006831373932566178
1951,0.006768095263643033
1952,0.0068904973598102395
1953,0.006785759059080886
1954,0.006702608776168298
1955,0.006914710906192155
1956,0.006809755997984844
1957,0.0068430795286924155
1958,0.006728772701442999
1959,0.00661881673702244
1960,0.006599033902541308
1961,0.006689963215109655
1962,0.006570468506760011
1963,0.0065763500811121724
1964,0.006762544618588004
1965,0.0067848906047263385
1966,0.006626476004909156
1967,0.006783801095433912
1968,0.006555552241171442
1969,0.0065867750731817745
1970,0.0064585757307645125
1971,0.006567411685078326
1972,0.006510721468287757
1973,0.00652770528380396
1974,0.00647918514165459
1975,0.006699574235195326
1976,0.006355532958030196
1977,0.00667352002050917
1978,0.006358019901060705
1979,0.006402913958497219
1980,0.006512802226421565
1981,0.006298327625145094
1982,0.006639361574898584
1983,0.0063906057887726415
1984,0.006223942093961573
1985,0.006481065844990692
1986,0.006518301490883706
1987,0.0062427587365194905
1988,0.006241634902465394
1989,0.006329379458832792
1990,0.006156611619359356
1991,0.006047568355008202
1992,0.006196350494589088
1993,0.0060231628890891195
1994,0.006126998876363544
1995,0.006231866200786021
1996,0.006198130171130396
1997,0.005975553959260805
1998,0.005857635672219982
1999,0.005968695324924537
2000,0.005995322218149016
