1,0.5452659282896478
2,0.16459561101460862
3,0.11821641526737456
4,0.09649515619217339
5,0.08530418246479357
6,0.07590141308383416
7,0.07147382859582618
8,0.06146209417068857
9,0.05846434762164698
10,0.053907391283724265
11,0.05187833893223334
12,0.046736868840279215
13,0.04433205820051795
14,0.042999713271224906
15,0.03882647930818089
16,0.03852307618106321
17,0.0367576638868047
18,0.03524133834545895
19,0.03389117971725636
20,0.03395355213433504
21,0.03142718287279545
22,0.03072989692564233
23,0.03233060961336655
24,0.029161755074510128
25,0.028871293337542122
26,0.028135058556888567
27,0.027484752064160373
28,0.026510694332547106
29,0.026332309264373983
30,0.02605518828919631
31,0.025958032102592416
32,0.024269759931238526
33,0.024317253057418737
34,0.02464219361890928
35,0.02385281606466841
36,0.023397327242892677
37,0.022488920878366393
38,0.022773931907900308
39,0.02260795632629829
40,0.021597578584895295
41,0.021730765787158476
42,0.020596305563477642
43,0.02198261430613318
44,0.021185883360330837
45,0.020981458126235815
46,0.02089007054376653
47,0.020139375851505388
48,0.01934149487228212
49,0.019103059079498053
50,0.020621923248330922
51,0.018375504525157356
52,0.018965789330018273
53,0.019146248958689178
54,0.019280589280365888
55,0.018475340537221756
56,0.019016203746767872
57,0.01813270811433509
58,0.018022554650334484
59,0.01766729474036118
60,0.017768487472371277
61,0.01789136324867101
62,0.01763250878459569
63,0.01692018191472201
64,0.0168930893542908
65,0.017042222030271413
66,0.016535110803226293
67,0.017038076097871793
68,0.016257739633763747
69,0.016077459718779486
70,0.016598372084830525
71,0.016544365028108833
72,0.016246670568993284
73,0.01641485119491058
74,0.016258829979667978
75,0.01605114991129455
76,0.015202438719254934
77,0.015362705842007772
78,0.015580715130130618
79,0.014993334050937477
80,0.01508921417960171
81,0.015250254580277508
82,0.01563852599237935
83,0.015194625341159812
84,0.015129692643344149
85,0.014975048625305042
86,0.014471201482623562
87,0.014868959898949933
88,0.014411740679830566
89,0.01454080700069287
90,0.013832129995827959
91,0.013932930289815038
92,0.013539372761812756
93,0.01352405482192792
94,0.014295976143330336
95,0.014247916090317954
96,0.014341466736553584
97,0.01396061951626029
98,0.013908215210441563
99,0.01387953401890473
100,0.014151479733192314
101,0.013609437165403013
102,0.013921517807737751
103,0.013270912660380541
104,0.013327194235713805
105,0.013819077865110111
106,0.01360035019579454
107,0.012970887590199709
108,0.013590678288522413
109,0.013452186292605632
110,0.012951964630855847
111,0.012716816746140435
112,0.013664151080173709
113,0.012910073832214132
114,0.01306508376136801
115,0.012594708352018211
116,0.013017091844862296
117,0.012806985180004168
118,0.012934236443933036
119,0.012719776777361157
120,0.012896353848499515
121,0.012418272159204392
122,0.01221931869385101
123,0.01234840986050539
124,0.01204314126664678
125,0.012271572160929188
126,0.012394279450714842
127,0.012606417728682696
128,0.01215549903306163
129,0.012212267615122058
130,0.012405971613696824
131,0.012057488969669251
132,0.01179223679306017
133,0.012096446303461315
134,0.012063344064468549
135,0.012004183794734842
136,0.011637026258602233
137,0.01190532028864501
138,0.011776625601006514
139,0.012020607478916645
140,0.012227557185184906
141,0.01186127069611418
142,0.011746650486710971
143,0.012072095335697976
144,0.0119967889159097
145,0.012002483799548472
146,0.011770841882611483
147,0.011476521656485432
148,0.012048239002825093
149,0.011915625668904287
150,0.01142351949682175
151,0.011797480742936418
152,0.011929307519695011
153,0.011461349310732241
154,0.011312256819742211
155,0.011402928783416243
156,0.011457259372129278
157,0.011494510953109396
158,0.010836194340392189
159,0.011148313241931846
160,0.011432711405963716
161,0.011237931149711802
162,0.01100771416815282
163,0.010614826639924767
164,0.01112704259201379
165,0.011031560564287385
166,0.011306947195839327
167,0.011329273302581603
168,0.010764609181748356
169,0.010760856291152915
170,0.010501570316915542
171,0.010496322310261302
172,0.010486546232980691
173,0.010919703691566394
174,0.010761975385722215
175,0.01042726494261395
176,0.010720338522440802
177,0.01058464597957998
178,0.010422866515246994
179,0.010099094088773354
180,0.010597527086324358
181,0.010731792594385097
182,0.010697141222624202
183,0.01081048844034894
184,0.010140189754981863
185,0.01063283252277238
186,0.01059776563513077
187,0.01046889213750423
188,0.010303872057347226
189,0.010181203717365861
190,0.010010104847408958
191,0.01027087484470616
192,0.010402123195166557
193,0.010354353612194122
194,0.01047258161134639
195,0.01039356185454812
196,0.010349859582197111
197,0.010432743668650924
198,0.010001087174514088
199,0.010403569203690958
200,0.009964640193097925
201,0.010039627548086188
202,0.010069342191978279
203,0.009665175331203993
204,0.009904273789597013
205,0.010178005709549633
206,0.010271147777468471
207,0.010121244795115317
208,0.009812751583660306
209,0.009816656033192777
210,0.010577391130628727
211,0.009827894764415666
212,0.009932699921083147
213,0.00964770075012693
214,0.009945720394726023
215,0.009501624451871266
216,0.010230608126622135
217,0.010228797146198104
218,0.010124430427390892
219,0.009574885476159594
220,0.009749375299503238
221,0.009704161455097088
222,0.009674622696998009
223,0.009807953141408704
224,0.009447310980156822
225,0.009695657982759304
226,0.009325702366876906
227,0.009815335970261466
228,0.009326713011694788
229,0.009453853852731191
230,0.009232331540877535
231,0.009417109586045904
232,0.009463838198995692
233,0.009303077250340228
234,0.00979037972372341
235,0.010059125488623977
236,0.009449430283601
237,0.009522167239653863
238,0.009724480727434917
239,0.009455391083512519
240,0.009505172840209079
241,0.009558255279089435
242,0.009229564810392716
243,0.009649800464226786
244,0.009671077276264333
245,0.008767755455495315
246,0.009367417964405553
247,0.009986706121461623
248,0.00928917964841476
249,0.008813705070386245
250,0.009179346969793155
251,0.008927417707913634
252,0.009512438221787245
253,0.009579926733148553
254,0.008980871203860616
255,0.009202456305008697
256,0.009015027490854895
257,0.009276714898109183
258,0.009404392048748116
259,0.009496970879608544
260,0.009053007691656635
261,0.008813608376609192
262,0.0091218204213843
263,0.008892409010174669
264,0.009608542657125805
265,0.008782311271623535
266,0.009072047482655084
267,0.00882868052428683
268,0.00885817900860398
269,0.00878247102698848
270,0.00859389188541573
271,0.009347408392340323
272,0.008874710617681681
273,0.009123162042854701
274,0.008919615594480755
275,0.008715765278439149
276,0.009044363007533475
277,0.009181493330920526
278,0.008824645056215635
279,0.008930363396372078
280,0.008860297179465198
281,0.00907380976003863
282,0.008853529909452013
283,0.008982352815742084
284,0.00907518967623049
285,0.009090803433367508
286,0.00847673807214251
287,0.008515060614889203
288,0.008798293331322276
289,0.008930405396652423
290,0.008549593872453827
291,0.008842139366730038
292,0.009269080107037168
293,0.008480117747055019
294,0.00882422112291521
295,0.008901543281893482
296,0.008673383680693173
297,0.008886992645260515
298,0.008614306515714123
299,0.008687945654994603
300,0.008966063453137116
301,0.008817171863422303
302,0.008981019980668768
303,0.008552159987768884
304,0.00844245423341833
305,0.008850512700550005
306,0.008492576832472646
307,0.008626665564853761
308,0.00860023275964846
309,0.008595798182364363
310,0.008077132501797276
311,0.00861153502009367
312,0.008370412170287158
313,0.008272056598058445
314,0.008268039170415851
315,0.008379729182490985
316,0.008697919894830656
317,0.008542746528430636
318,0.00847613116947271
319,0.008134521070425794
320,0.008519389058889474
321,0.008478296800295554
322,0.008200840870613011
323,0.008334657737701121
324,0.00841474816029481
325,0.008341384130151216
326,0.008586733096863254
327,0.008629452464786374
328,0.008349740370650286
329,0.008109708393576666
330,0.008290570785717691
331,0.008403745558807406
332,0.00781554167190472
333,0.007895351192219404
334,0.008193664757882134
335,0.008577655989013739
336,0.008450083989034391
337,0.008582745386697984
338,0.008227580076999079
339,0.008755081400306801
340,0.008304334549485879
341,0.008485736408255111
342,0.008547328335580305
343,0.00813395170873757
344,0.007820703718669208
345,0.00822632074340294
346,0.00829534043392198
347,0.007995717661549984
348,0.008239871763103342
349,0.008181033158769547
350,0.008538645627056012
351,0.00826249853905164
352,0.008367021686507988
353,0.008247772099497586
354,0.008028801318486932
355,0.007915052555706667
356,0.008385955454718512
357,0.008164880341471378
358,0.008116663694066011
359,0.00821226887341778
360,0.008565554156567965
361,0.007811112970634663
362,0.008085749465261855
363,0.007974878626370455
364,0.007751968701101713
365,0.008361948614592775
366,0.008256247730815184
367,0.007953858188495545
368,0.007824032954177109
369,0.008290470938861243
370,0.007665810250219399
371,0.008085991411817149
372,0.007931259622544809
373,0.0077347719698544525
374,0.008492712777944566
375,0.0076245344914811644
376,0.007369718772864317
377,0.008346128644484837
378,0.008238008350402243
379,0.008079146964365017
380,0.008089155566452419
381,0.008117302166992578
382,0.007413566106598888
383,0.007343209437410332
384,0.007303539768129714
385,0.007874404607040777
386,0.007959139726708754
387,0.007720584272785838
388,0.007885902904968519
389,0.00808512780941644
390,0.007343381418357209
391,0.0077528406321307865
392,0.0075402013558925965
393,0.008118956756257152
394,0.007586607626655092
395,0.007701781513248333
396,0.007921210385590665
397,0.007758262736912248
398,0.007844394212983295
399,0.007449224251874928
400,0.007829048242656735
401,0.007642615925899501
402,0.007675451934890096
403,0.007994854704366398
404,0.007784219253492557
405,0.007806296856931837
406,0.007326436246808429
407,0.0077671699987535
408,0.007511205093193231
409,0.007538450737799502
410,0.008027986116249556
411,0.00774078244161871
412,0.0068965486795404705
413,0.007765532431776746
414,0.00756844237320504
415,0.007529059886711382
416,0.007770721846007568
417,0.007641856682928816
418,0.007363276739636341
419,0.007479072913480133
420,0.007326941218984835
421,0.007842008421055468
422,0.007687655668232148
423,0.008054380311030831
424,0.007538080677169107
425,0.007676452479198954
426,0.007487356370725369
427,0.007121227762535594
428,0.007490046152655604
429,0.007658931649668868
430,0.007525072316639125
431,0.007587324520099466
432,0.007323367823057382
433,0.007199091057419398
434,0.007931340655501364
435,0.007501050476695143
436,0.0072184300713114815
437,0.007697181101351724
438,0.007458512910041895
439,0.007321755111738408
440,0.007402444307660779
441,0.007201650337773865
442,0.007566811893750929
443,0.007609398169364086
444,0.007701111288536024
445,0.006960619136422746
446,0.007655522932093275
447,0.007692987979310802
448,0.00735139212634225
449,0.007317498265134202
450,0.007452014687676299
451,0.007540814917913433
452,0.007136887553053261
453,0.007537670759089544
454,0.0073959877264638575
455,0.007127460204775177
456,0.007324913242374057
457,0.0074329094179921736
458,0.007198242679775014
459,0.007860415988065049
460,0.007560731653692358
461,0.00746278451771428
462,0.00743536587204721
463,0.007481199712887154
464,0.007186136672162782
465,0.007753065787255764
466,0.0073373033033715465
467,0.007551421127203158
468,0.0072142475549036925
469,0.007690449655687405
470,0.007140070215751559
471,0.0073245820210520495
472,0.007411268669954043
473,0.0071478679902472735
474,0.007170192997949987
475,0.007222611226251949
476,0.007406807153375219
477,0.007232499762706585
478,0.007325720203787846
479,0.007169374075355166
480,0.007357981833392533
481,0.007473770886170283
482,0.007598865650973077
483,0.007328011813747175
484,0.007470248371631034
485,0.007276367729577094
486,0.006952674595749606
487,0.0075833356734049525
488,0.007298849150143816
489,0.007262170886999722
490,0.007005441876649225
491,0.007236742872302815
492,0.0070202144561335444
493,0.0072558991003276434
494,0.006988217722687681
495,0.007226404258428867
496,0.007261112949937203
497,0.006935895341685263
498,0.007354799012842951
499,0.006984292407188628
500,0.006865010898702352
501,0.006911546141856303
502,0.006894185604385527
503,0.0067705794936046
504,0.007291645567343271
505,0.007151910652390728
506,0.006759205614058774
507,0.007233612209763694
508,0.007109614653449695
509,0.007102900516178648
510,0.007103891259895922
511,0.007123613732046116
512,0.007214688127702575
513,0.0071984994564584254
514,0.006463724133258654
515,0.007022644410904308
516,0.006634756551771346
517,0.007065381055650443
518,0.0069490645822705855
519,0.006640454097177392
520,0.006997490518773764
521,0.007031119558802348
522,0.007414206769712017
523,0.0070459272128419355
524,0.0070883092446789395
525,0.0068707313147862836
526,0.006787594447259681
527,0.007088601707591344
528,0.0069651841955512
529,0.006569296591204859
530,0.007052673691867898
531,0.0068942263458018835
532,0.006851685091348017
533,0.0070246726894056645
534,0.007008625312818814
535,0.006806388592063371
536,0.006829755481379896
537,0.006706805672828045
538,0.0070839770536838195
539,0.007035360152643742
540,0.007257001521855088
541,0.007243572815195105
542,0.007250618158003031
543,0.006585581681959458
544,0.007168243234677209
545,0.0070651058952118885
546,0.006850922123087033
547,0.006835114838302893
548,0.006425772081287104
549,0.006854226832451709
550,0.0069018099496488345
551,0.0070814228225972945
552,0.006783111964084081
553,0.006891840547954632
554,0.006867063786218859
555,0.006799539805674073
556,0.007045396856205948
557,0.006775214936647375
558,0.0067142287083759395
559,0.006921091109072253
560,0.006565765971002184
561,0.0069727704256488865
562,0.006515832600120644
563,0.00683994375571798
564,0.006795373208568258
565,0.006929198352983064
566,0.006809428466436595
567,0.006671589785413343
568,0.006698306857103134
569,0.006851094952484561
570,0.006425648487678145
571,0.0067853965338761525
572,0.007126986573971176
573,0.0066474932166984526
574,0.006788561049596233
575,0.0067542370396934575
576,0.0067088536077605215
577,0.006582446195090474
578,0.006778737926713617
579,0.006792587597096749
580,0.006585435272920561
581,0.0068873598544179635
582,0.006582272053554149
583,0.006988205587870236
584,0.006772868929162495
585,0.006666356502337602
586,0.006540619436714609
587,0.006677449800239844
588,0.006512323524645072
589,0.006391507526070385
590,0.007202677420829817
591,0.006231400434922238
592,0.0070300273699843785
593,0.006939503940422151
594,0.006761257262442703
595,0.006692014113699986
596,0.007222597601713013
597,0.006939544470712416
598,0.006842977175946837
599,0.006745821179751054
600,0.0064231999182947355
601,0.00649681355078089
602,0.006768236887814887
603,0.006815876685461755
604,0.006567817836431629
605,0.006898892798729368
606,0.006383793588364654
607,0.006682845785566684
608,0.007083690689750395
609,0.006556863685422656
610,0.006223397443891834
611,0.006480401488399859
612,0.006670565470674281
613,0.006894394435714614
614,0.006581859351372567
615,0.006650851362668988
616,0.006878575730390089
617,0.006424317992750114
618,0.006596813797240413
619,0.006802227657872363
620,0.006742134571896266
621,0.0065085940532607295
622,0.006496309208036479
623,0.006867808968586437
624,0.006479780655354261
625,0.0063708336250382965
626,0.006460932434647013
627,0.006405211134687445
628,0.00702045050891653
629,0.006234032932621569
630,0.006361572237653753
631,0.006559519562870264
632,0.0065279023118033
633,0.006466598982007196
634,0.006326717223924727
635,0.006840533095459312
636,0.006233925039295928
637,0.006370402158285349
638,0.006526803682652949
639,0.006509509142803944
640,0.006736072851739571
641,0.00620394695936939
642,0.006609696875152699
643,0.006687711318560197
644,0.006405872951845749
645,0.006362985010590341
646,0.0066398142371326685
647,0.0063058249474803015
648,0.006754035068975793
649,0.006039142521824372
650,0.006384679651029913
651,0.0067027878426646785
652,0.0063969818934387825
653,0.006734894284725947
654,0.006434776897194906
655,0.006050344990661084
656,0.006238865973901445
657,0.006463084756633488
658,0.005903487141102047
659,0.006598276879354301
660,0.006372955807295265
661,0.006402002452178148
662,0.00625064799274018
663,0.0065901966595832825
664,0.006364081285783421
665,0.006707550430970298
666,0.00610251730047482
667,0.00644898136990871
668,0.0064118281500098314
669,0.0062984032102592164
670,0.006472132877067868
671,0.00662842943230486
672,0.006255308986972954
673,0.00629617056170068
674,0.006218475504715185
675,0.006455565629116559
676,0.00630439808434349
677,0.006230498016890833
678,0.006148755587874201
679,0.006415762425542383
680,0.006339119960380308
681,0.006308810004048934
682,0.006471171560776183
683,0.005825876976536997
684,0.0064547141713989994
685,0.006132713663076066
686,0.006365231303419224
687,0.006348307443766902
688,0.006769095519873298
689,0.006530488126958578
690,0.0063170341506474095
691,0.006080702280673056
692,0.006344223262789517
693,0.006472925848911627
694,0.006189518397026774
695,0.006356816829608406
696,0.006741914075357303
697,0.005862054628146402
698,0.006075008170505576
699,0.005973703251614914
700,0.006523117551311724
701,0.006320398008861279
702,0.006029097292319698
703,0.006157347764740935
704,0.006219362025149167
705,0.005992317915562604
706,0.006179299535056166
707,0.006129920885156272
708,0.006274241328602499
709,0.006316983940127164
710,0.006158092388709597
711,0.006633482263739205
712,0.0064209419740679655
713,0.00615022036688939
714,0.006054896314754703
715,0.006208827596757624
716,0.0062527181304422984
717,0.006661646283168535
718,0.006329599546931557
719,0.005985998117435976
720,0.006166788952630329
721,0.006133770923351206
722,0.006126251245327926
723,0.006240772659558866
724,0.006133050150711531
725,0.006051641683709823
726,0.006574357534222052
727,0.006430009164910574
728,0.006163767627756096
729,0.006094526162102692
730,0.006174406616838049
731,0.006078848621208157
732,0.005999491593437427
733,0.006302374890626614
734,0.006116197373465461
735,0.006133032798909156
736,0.0060464139491067095
737,0.006194462534040213
738,0.006091925021560894
739,0.0060181623212282815
740,0.006343605422998889
741,0.006359507091011915
742,0.006184696667764525
743,0.0064084346512711405
744,0.006464920598634724
745,0.005826048247153097
746,0.006273930596377132
747,0.006038613676614428
748,0.005982134118281557
749,0.0063040114434088695
750,0.006141284464905828
751,0.00570234484276024
752,0.005939805943329456
753,0.005983968520876399
754,0.00608964678949787
755,0.005836161360602384
756,0.006233283565221828
757,0.0058614673384986184
758,0.005960223197905442
759,0.005951314888326294
760,0.005860578925822372
761,0.006020979746639476
762,0.006106182496789527
763,0.006234453020270093
764,0.005979940802316671
765,0.006148349367460962
766,0.005670464248396456
767,0.006244853344130314
768,0.006020861253600126
769,0.006032352734325549
770,0.006144975242994221
771,0.006069786643404198
772,0.006453021178890209
773,0.006511119620527251
774,0.005978749447375915
775,0.006121521979428323
776,0.005810010777707449
777,0.006001142739570873
778,0.005898104743811034
779,0.00592487309743666
780,0.00581254696441909
781,0.006202139445754178
782,0.005931106283550419
783,0.005786937155358304
784,0.006002098199579928
785,0.005814564682669558
786,0.006225698661074927
787,0.006057444967771486
788,0.005823291246226783
789,0.005824399723324104
790,0.0062417527818578785
791,0.006049107215604034
792,0.005639633960958759
793,0.006122747941289918
794,0.005789285567115551
795,0.0060160361522398256
796,0.005920631572272692
797,0.005999668434230706
798,0.006066876662879298
799,0.006055649950058531
800,0.005749739657187739
801,0.005784353639898917
802,0.005992736326041237
803,0.006229405302230774
804,0.006207285652142334
805,0.006053586800235434
806,0.005998952401075828
807,0.006084076368636689
808,0.005971433002880569
809,0.0060934640972291005
810,0.006340049528832532
811,0.005902043478642353
812,0.005864775271975767
813,0.005967844050709095
814,0.006107538183795888
815,0.006074574154454394
816,0.005627529208264235
817,0.005832224079976016
818,0.005834512728250633
819,0.006175658475189328
820,0.005855612947124104
821,0.005833363108202752
822,0.0059316720758264855
823,0.006110143656368857
824,0.0061004278841980935
825,0.006021911000154155
826,0.0056461694776633025
827,0.005952115103570839
828,0.005727596277118487
829,0.005771575219360954
830,0.005909137694180896
831,0.006205966406091416
832,0.005634455335863187
833,0.006205532180887284
834,0.005926936931939701
835,0.005424574911357614
836,0.005433583757406006
837,0.005668103152301983
838,0.005721950915373735
839,0.00575030760413383
840,0.005767639241007678
841,0.006042571324002692
842,0.005851515357666728
843,0.006251948485072008
844,0.005699961748116223
845,0.0058971053360314185
846,0.005600456023091545
847,0.005810748260878658
848,0.005961225648268552
849,0.005944925632675068
850,0.005808099072379202
851,0.0054676458930154725
852,0.0058399934629451925
853,0.005668042083586551
854,0.00585478840798329
855,0.005887927716376923
856,0.005785590244883324
857,0.005568699400193232
858,0.005846342583920933
859,0.005765522156360606
860,0.005779973852795438
861,0.005741162943827398
862,0.006110708462074399
863,0.005991223301754286
864,0.005510555396756252
865,0.0058315617419084755
866,0.006180196907765911
867,0.005786206360148676
868,0.006219548692184863
869,0.005730172299574745
870,0.005738984775666337
871,0.005528176935405423
872,0.005562378890749256
873,0.005914105044212192
874,0.005716032421579427
875,0.005427179425970604
876,0.005459756722626418
877,0.0055938670964185465
878,0.005630752300622605
879,0.005779934910883717
880,0.005599977046061876
881,0.005796438669075526
882,0.005647106968276834
883,0.005806700914498355
884,0.005729808108052396
885,0.005407266571360119
886,0.005287620158061006
887,0.005791590781882405
888,0.00586402293697189
889,0.005535677785716824
890,0.005590356837058345
891,0.005593099189385519
892,0.005518400609509041
893,0.00577675306111953
894,0.005654032395410714
895,0.005632420838021247
896,0.005903616920508192
897,0.005640974724112804
898,0.005493624852102061
899,0.005656928463318086
900,0.005550467784090315
901,0.005607107494389481
902,0.005544392165128078
903,0.0054483288263712645
904,0.00582426437176764
905,0.0057939181905397675
906,0.005260931045779863
907,0.005870420469949811
908,0.005873347378051761
909,0.005380525940366216
910,0.005624124086738201
911,0.0056058714951593746
912,0.005306741116189603
913,0.005651677597582467
914,0.0054159580130066914
915,0.005699511370779473
916,0.005846704995670056
917,0.005635816678878362
918,0.0055577655843758985
919,0.005905939277924471
920,0.00552910042855636
921,0.005450078963017944
922,0.005683577916450735
923,0.005689481813934142
924,0.005613344647503316
925,0.005558257857416519
926,0.0055460131754783
927,0.005402719978858732
928,0.005544689369498421
929,0.005679066062084068
930,0.005460090985545352
931,0.00555583478200202
932,0.005371489412135492
933,0.005421256433414705
934,0.005667853816333464
935,0.005291718373990665
936,0.005784760120766774
937,0.005450431367982242
938,0.005499042256861546
939,0.005620810035537234
940,0.005859476048499346
941,0.005275307329750414
942,0.0054541919242306535
943,0.005426665449365027
944,0.005539765947506273
945,0.005614296223384218
946,0.005660385382756338
947,0.005152512170074476
948,0.005763065612527652
949,0.005464124666937327
950,0.00564951845839367
951,0.005717395015566026
952,0.005394797519607059
953,0.005440986383769472
954,0.005522868809116594
955,0.25748220516735754
956,0.0052767400994849535
957,0.005790350167475388
958,0.005587964396631755
959,0.005107283650431782
960,0.005655361329584177
961,0.005523600720137484
962,0.005670844912686843
963,0.0055840529690859685
964,0.005230272484753849
965,0.005784470268319976
966,0.005453196478518263
967,0.005457686366892214
968,0.005501093962466565
969,0.005380697804897771
970,0.005177705363228412
971,0.005641466916254643
972,0.005657572936566578
973,0.005486818600714333
974,0.005625896798091609
975,0.005385758268441689
976,0.005589653376758225
977,0.005963069698536548
978,0.005665042227473489
979,0.0051679577366685716
980,0.005359962732546916
981,0.005496273642027025
982,0.005487076322532306
983,0.005550491785378022
984,0.005611022403542647
985,0.005704351081276092
986,0.005403545694978182
987,0.00537540916337679
988,0.005193378332355138
989,0.0054173248847630825
990,0.005399278027668469
991,0.00552738967975128
992,0.005067697268421367
993,0.005464978239862091
994,0.005397231841925532
995,0.005171133557500286
996,0.005534523460714115
997,0.021197446462130017
998,0.005352467572774296
999,0.005500364017680729
1000,0.00541368880609082
1001,0.0054558854475143855
1002,0.005424154519845369
1003,0.005338767213920541
1004,0.005095296363756692
1005,0.00532837263190077
1006,0.005310170000253277
1007,0.005241365683012468
1008,0.005213772660018719
1009,0.0052711899861914375
1010,0.0052536939472054775
1011,0.005360019458378902
1012,0.005508098196853899
1013,0.005544521254921427
1014,0.005515627869823158
1015,0.005260026574695199
1016,0.005652418587025318
1017,0.005425490033457656
1018,0.005365384977421392
1019,0.005455003508713917
1020,0.00508071312491419
1021,0.005481409639025391
1022,0.005284616901239349
1023,0.005157846039934557
1024,0.005456344163345205
1025,0.005778771878409562
1026,0.005932026806137509
1027,0.00539982718439236
1028,0.005583690845415438
1029,0.005325766033650834
1030,0.00543094723943179
1031,0.0051436509090570445
1032,0.005550147466345737
1033,0.0056284454007932945
1034,0.005268390735382435
1035,0.005307315844821476
1036,0.005453245155907915
1037,0.005440278105058913
1038,0.005194482109430483
1039,0.005262930581535576
1040,0.005262356275155888
1041,0.005205698600394051
1042,0.005290372577353807
1043,0.005463789179684373
1044,0.005169786470429183
1045,0.005091842240259304
1046,0.005119201496353973
1047,0.005325755222811032
1048,0.00518562862160221
1049,0.005810982923583775
1050,0.004958314757983563
1051,0.0054851838503964245
1052,0.005086082171932873
1053,0.005112827211910449
1054,0.005448991083540022
1055,0.005447743817674533
1056,0.005466630488981382
1057,0.005104840160900001
1058,0.005221110512107863
1059,0.00535309615631793
1060,0.005375708148506928
1061,0.005436099232056068
1062,0.0052338520862098975
1063,0.0049071509698879415
1064,0.005049478759894432
1065,0.005121328171453107
1066,0.0052140223580586205
1067,0.005108882160068063
1068,0.0056083306445250825
1069,0.005103672765810989
1070,0.0051299350610460644
1071,0.004945327016777533
1072,0.00502581305809761
1073,0.005426265893235676
1074,0.005346835937185245
1075,0.005298130574312566
1076,0.005351853657561212
1077,0.005078491669984819
1078,0.005234780821996599
1079,0.005343199044592299
1080,0.0052964308760839246
1081,0.005157569154970727
1082,0.0053244452643350275
1083,0.00546294699868945
1084,0.009076720170708279
1085,0.004911730906499897
1086,0.005265832017373167
1087,0.005197483129696763
1088,0.005447803175676677
1089,0.005339057502431511
1090,0.005185651270301728
1091,0.005182628774368283
1092,0.005411995310431062
1093,0.005274170580501589
1094,0.005175252338492517
1095,0.005556166569615509
1096,0.005160234937586395
1097,0.0051493749498010815
1098,0.005347827745412113
1099,0.005263195197508371
1100,0.005505303787146458
1101,0.005479771785943185
1102,0.005149638629518449
1103,0.0052996656158939
1104,0.005240424997883581
1105,0.005140497841501324
1106,0.0052508189682296275
1107,0.005312516528647393
1108,0.004837691899333781
1109,0.004919214903227038
1110,0.005419007070378353
1111,0.004931003684020143
1112,0.005068294175158618
1113,0.005136428387062151
1114,0.004950380676931118
1115,0.005071374901444099
1116,0.005010994786586044
1117,0.005012186887374116
1118,0.005150800197921946
1119,0.0051992834857428226
1120,0.00494141908070483
1121,0.004887340151333897
1122,0.005250041388859183
1123,0.005159824119754515
1124,0.005264919957588032
1125,0.005180681586044573
1126,0.005109600910238164
1127,0.005060018087595196
1128,0.005213402534274669
1129,0.005152661924574019
1130,0.005208988159981762
1131,0.005345282129059404
1132,0.005047790842304416
1133,0.0050136329738375875
1134,0.005286381700297154
1135,0.004797483646405577
1136,0.005238588988165356
1137,0.004785153250233665
1138,0.005108323465180346
1139,0.0050613181428762815
1140,0.0051629322154794705
1141,0.004987437871947758
1142,0.005142869744489317
1143,0.0049176205509989445
1144,0.005149301612094613
1145,0.005059230068335467
1146,0.005068543556509382
1147,0.004802168020386628
1148,0.005073397221059491
1149,0.0048876855536206165
1150,0.00464100669872142
1151,0.00498316000843168
1152,0.00515002952454517
1153,0.005352331378686605
1154,0.004841193329874363
1155,0.005036589743814163
1156,0.0049478764787821445
1157,0.0051521106654683416
1158,0.004655573031691424
1159,0.004945387471846099
1160,0.005164108673205315
1161,0.005421642736942208
1162,0.005059685397269678
1163,0.005424508065285193
1164,0.0051245322979797244
1165,0.005060631841997285
1166,0.00516198030317802
1167,0.0052176649550023345
1168,0.005051893572780793
1169,0.005031381459448928
1170,0.005073719464589731
1171,0.004898608482632218
1172,0.0051399474367657206
1173,0.004743902415226577
1174,0.005391946755018149
1175,0.004884538661009806
1176,0.005278019032291121
1177,0.004943578588871001
1178,0.0049786993945648865
1179,0.005003317079696236
1180,0.005058557144366205
1181,0.004865960886907148
1182,0.005220362135224929
1183,0.0051559341392653476
1184,0.004873220690415572
1185,0.005052093430264395
1186,0.005103974903033951
1187,0.004833337685124854
1188,0.004857752332069232
1189,0.005217294922982485
1190,0.005144181355470949
1191,0.0049075350427794885
1192,0.005203448500389517
1193,0.004976356427690362
1194,0.004782445497921337
1195,0.005382812546439848
1196,0.005135954828277799
1197,0.0053454389345784815
1198,0.004739148943819169
1199,0.004883570052975379
1200,0.004985369675816431
1201,0.005346326161396958
1202,0.004886377725150373
1203,0.004951346860961768
1204,0.004802077850800449
1205,0.005219317284033839
1206,0.005006871643965527
1207,0.004977422904507336
1208,0.004797055063398271
1209,0.004760521197675774
1210,0.0048495815569629605
1211,0.0050212485573680726
1212,0.005068742927613715
1213,0.00514552427625473
1214,0.004779820287031895
1215,0.005270311240919755
1216,0.005161360661909616
1217,0.004971365996841657
1218,0.004748395172547612
1219,0.00489620953084017
1220,0.0052351820740406795
1221,0.004808191310661703
1222,0.004783667227395384
1223,0.004970006098165729
1224,0.004897971819075993
1225,0.004932645262392648
1226,0.00487022058864645
1227,0.004940438731494597
1228,0.00489870880896194
1229,0.004986135687647482
1230,0.004811985551387513
1231,0.0048002144302067866
1232,0.005020204231032502
1233,0.004981942301205659
1234,0.0049405602256814805
1235,0.004844015276738269
1236,0.004672978278565205
1237,0.00508460330074432
1238,0.004762100136712573
1239,0.004846127472928394
1240,0.004935275175277207
1241,0.004681388115494559
1242,0.004735000628851733
1243,0.004805660287660184
1244,0.004857819402093163
1245,0.004927866806086721
1246,0.00498923546460978
1247,0.0048838530941392785
1248,0.005167785297952972
1249,0.004854715890961431
1250,0.004785948165621356
1251,1.3024870064474594
1252,0.00407862318659959
1253,0.004345637004254228
1254,0.004677787612555391
1255,0.004767994725903086
1256,0.004854434453961202
1257,0.005053596890736687
1258,0.004729638590430052
1259,0.004836104898042661
1260,0.004867298714027314
1261,0.004629203564313762
1262,0.004783869288877537
1263,0.004978812571962254
1264,0.004812449744657881
1265,0.004883348365645792
1266,0.00478858304095565
1267,0.0050210796505749476
1268,0.004874584636003789
1269,0.004713721817035733
1270,0.0049070368394634484
1271,0.004862957302544077
1272,0.004628660735453211
1273,0.004752080058836836
1274,0.0051599805632022095
1275,0.005301677112830645
1276,0.004794483974781203
1277,0.004675354378424206
1278,0.004875786247331712
1279,0.0047517110656757474
1280,0.0045849817668845464
1281,0.004969211759921795
1282,0.00487714012200802
1283,0.004540919992180889
1284,0.004696087013945868
1285,0.0050672804088315974
1286,0.004898193525150418
1287,0.004767786573334518
1288,0.004684149638860155
1289,0.005059788448507187
1290,0.004623892373736884
1291,0.004350188828539103
1292,0.00457457442752133
1293,0.004864146005583264
1294,0.0048888708303003745
1295,0.004545207234036367
1296,0.00462171094397367
1297,0.005099806104889297
1298,0.0051391016636675195
1299,0.004755953526108573
1300,0.005134746351405599
1301,0.004997303261484762
1302,0.004720351716969162
1303,0.004849982903717812
1304,0.0050301152810264945
1305,0.0050255553382527775
1306,0.004603262041632275
1307,0.0051245860759389856
1308,0.004530302175888949
1309,0.004755688664479718
1310,0.004624615242838923
1311,0.004780987397988595
1312,0.004492789919298711
1313,0.0046561931179031355
1314,0.004807280378526677
1315,0.0049960506760310065
1316,0.004883997918745913
1317,0.004738702697253202
1318,0.00466703591765678
1319,0.004761722124323754
1320,0.00458679677843574
1321,0.004975887764268949
1322,0.0044448795921753275
1323,0.004647137010193793
1324,0.004680365365456348
1325,0.0050759762091467445
1326,0.004722435888636984
1327,0.004702447416355549
1328,0.004967444114608027
1329,0.004552893715484415
1330,0.004778363663008657
1331,0.004615375099277471
1332,0.004709215494369993
1333,0.004663842520084611
1334,0.004629019792862552
1335,0.004887272166759092
1336,0.00472729387831227
1337,0.0047603612785401235
1338,0.004617355679067136
1339,0.0046213921554134054
1340,0.004789892197349819
1341,0.004657027584903131
1342,0.004618976046173375
1343,0.004980590624608479
1344,0.004580735836683189
1345,0.004824574861154592
1346,0.004576574666701826
1347,0.004406259215626297
1348,0.004711886293696776
1349,0.004856587748706214
1350,0.004823138265499561
1351,0.004468748542298642
1352,0.00468190631560855
1353,0.004675298859167971
1354,0.004699065466411412
1355,0.004420570910797786
1356,0.00471042272421705
1357,0.004831103629716751
1358,0.0048234695647606405
1359,0.004669414590491708
1360,0.004608098157065905
1361,0.004705269585197823
1362,0.004720467611381752
1363,0.0046803136218055074
1364,0.004499980540535712
1365,0.00451017996904014
1366,0.004712246502433919
1367,0.004451835143253586
1368,0.004947314290448202
1369,0.004511487655444228
1370,0.004580403702783445
1371,0.004678823939777153
1372,0.0046788657289314065
1373,0.004369156876129051
1374,0.004421364715307067
1375,0.004618146176592021
1376,0.004646940641223563
1377,0.004728329431076171
1378,0.004863582377842927
1379,0.00477030428848624
1380,0.004708830018575161
1381,0.004668041513206721
1382,0.004632603923663876
1383,0.004522718220822892
1384,0.004506432826204573
1385,0.004994756796681401
1386,0.004658908228058431
1387,0.00458617914286521
1388,0.004825710243016671
1389,0.005161149833761787
1390,0.004445313639796765
1391,0.004647712215339228
1392,0.004475559779813797
1393,0.004949687995900542
1394,0.00436727572193022
1395,0.004500335135686574
1396,0.0047100601999988875
1397,0.004830266451620955
1398,0.004535983799033309
1399,0.004269966315004533
1400,0.004586224694799443
1401,0.0047803026746358656
1402,0.004451730846964075
1403,0.004518239680969678
1404,0.004595985728852703
1405,0.0044961434984342906
1406,0.0042253876099031485
1407,0.004731869026110902
1408,0.004600671864848711
1409,0.004544381290019127
1410,0.004366148423040443
1411,0.0043218313465763075
1412,0.004552175620397143
1413,0.004575452732782558
1414,0.004766705843533184
1415,0.004323815346805979
1416,0.0043833745797401515
1417,0.004337358470982477
1418,0.00438852954786113
1419,0.004468225886832165
1420,0.004591376135930798
1421,0.004580603590850734
1422,0.004522249929338567
1423,0.004611327516120243
1424,0.004444900728462232
1425,0.004486164802259182
1426,0.004780255936843864
1427,0.004810474052338593
1428,0.004708596088891944
1429,0.004511286172092403
1430,0.004550365865293701
1431,0.004345801826645383
1432,0.004634682848749651
1433,0.004505971080615675
1434,0.0045488780094073865
1435,0.004421553055566373
1436,0.0046053821530777144
1437,0.004665906548942045
1438,0.004521632805798139
1439,0.004329900227692294
1440,0.004578484865536882
1441,0.004714147513337686
1442,0.0047648371556394935
1443,0.004454678308289751
1444,0.004366779093180736
1445,0.004353237803038841
1446,0.004528537299878643
1447,0.004199253864807345
1448,0.0043857402801592595
1449,0.004448065670380779
1450,0.004297846851286368
1451,0.004651095911513193
1452,0.004420298450602755
1453,0.0045553793463761275
1454,0.004623608790945767
1455,0.004751750810655876
1456,0.004554197129051564
1457,0.004727139143604722
1458,0.004331155958332879
1459,0.004497946963164071
1460,0.004364962491277858
1461,0.004546393310824819
1462,0.0044882231060478645
1463,0.0044618478918969
1464,0.004345234412447376
1465,0.004462088959417858
1466,0.004546271052045779
1467,0.004687241201636271
1468,0.0046910468707950315
1469,0.004389585850176291
1470,0.004479312830233662
1471,0.004346837119941237
1472,0.004535782131192796
1473,0.0042970250548116104
1474,0.004465655984072867
1475,0.004338564276221698
1476,0.004493193602252562
1477,0.00462005419806593
1478,0.004483304567579812
1479,0.004364698451462249
1480,0.004160576959740434
1481,0.004448869350461005
1482,0.004441111428481605
1483,0.0042355306687275485
1484,0.004311880354288081
1485,0.004560573050215588
1486,0.0043467142307436315
1487,0.004544524897197735
1488,0.00422214527744642
1489,0.0044686190006559936
1490,0.0044625767899314096
1491,0.004182231386578879
1492,0.0042756921947160265
1493,0.004312592251739323
1494,0.004699531619010841
1495,0.004259059523326992
1496,0.004591801066654024
1497,0.004503978662966293
1498,0.004539799062590414
1499,0.004565054312016878
1500,0.004134015101244894
1501,0.004398594922149333
1502,0.004448682112200975
1503,0.004199121819248707
1504,0.004248717485066756
1505,0.004337319295253541
1506,0.004531960526946932
1507,0.00430485963036101
1508,0.004378806347800892
1509,0.0045382236544895226
1510,0.004244072854092692
1511,0.004297151938633267
1512,0.004440670599174386
1513,0.0044130214531432396
1514,0.004312065610527929
1515,0.004377530660811748
1516,0.004405006566045458
1517,0.004376412537027845
1518,0.004459428135305643
1519,0.00457583483746591
1520,0.004438851764662412
1521,0.004224058682635679
1522,0.0044238663296278374
1523,0.004299845486303191
1524,0.004169889568880011
1525,0.004342281308924874
1526,0.004425837328831144
1527,0.004210769422786405
1528,0.004380993631873596
1529,0.004416577783373768
1530,0.0040522399476839825
1531,0.0043869708315469325
1532,0.004625032073818147
1533,0.004533182239649281
1534,0.0041817008868901655
1535,0.004148648135261453
1536,0.004455341034079507
1537,0.004454471507322801
1538,0.004344767463685535
1539,0.0041241263812881405
1540,0.004399502169443452
1541,0.004386178545369688
1542,0.004347250410118851
1543,0.00430780190429887
1544,0.004570324312287809
1545,0.004217712015260832
1546,0.004404872702237345
1547,0.004599080291789783
1548,0.00423008509047361
1549,0.004367957756878271
1550,0.003977973511347831
1551,0.004114972002275477
1552,0.004295003180139524
1553,0.004193252355049727
1554,0.0041987316552707455
1555,0.004157837609547364
1556,0.004472224553849675
1557,0.004268747627127411
1558,0.004213618494420297
1559,0.004179799844416143
1560,0.004227246332447976
1561,0.004310883216607242
1562,0.004204803793612173
1563,0.004385793989058584
1564,0.00412628270283152
1565,0.004187172202795933
1566,0.004211951171489969
1567,0.004126807309734493
1568,0.004376952621249198
1569,0.004147237488384343
1570,0.004318666718387187
1571,0.004309578889475788
1572,0.004575722975167051
1573,0.003960283850003981
1574,0.004419380887727238
1575,0.0042064003814090735
1576,0.0041863214633017145
1577,0.004142687348175352
1578,0.0041797406600504105
1579,0.004013423173554178
1580,0.004256851959310599
1581,0.0042350770347214985
1582,0.0042431233884861405
1583,0.0042551017664294
1584,0.004563747095220359
1585,0.00422573401454552
1586,0.003990534178999458
1587,0.004255091324566974
1588,0.004122242312759982
1589,0.004226715844598109
1590,0.004276895367785089
1591,0.004161893008316283
1592,0.008618512535191504
1593,0.030683461353735272
1594,0.0038199410329856987
1595,0.004620467462592711
1596,0.007055161722099124
1597,0.00429565809031759
1598,0.004156599215910596
1599,0.00401432421137342
1600,0.0041556080874308185
1601,0.004172264380277908
1602,0.004320671907192001
1603,0.004273467242394148
1604,0.00405257210822113
1605,0.0040306226533869186
1606,0.004091368337019773
1607,0.004075484832756663
1608,0.004164326186212948
1609,0.004036293332504456
1610,0.003945096987852101
1611,0.004027555071180529
1612,0.0039028197367107337
1613,0.0042387578474610286
1614,0.00404610777159332
1615,0.004422747437305496
1616,0.004467747138686857
1617,0.004186891384375424
1618,0.0041020662539591225
1619,0.004193777608156393
1620,0.00429754268764755
1621,0.00416654841658675
1622,0.0042595230417831215
1623,0.004063431585949483
1624,0.004070158734112599
1625,0.00399634215124425
1626,0.004322626035052778
1627,0.004085555858120827
1628,0.0040073242162796275
1629,0.004004727097985856
1630,0.00432749636771189
1631,0.003912190286150612
1632,0.004062482167698316
1633,0.004062755696349225
1634,0.003851664110513057
1635,0.004165994957428805
1636,0.15030019502925007
1637,0.0036214550491422415
1638,0.003906007656843354
1639,0.004224291952303216
1640,0.003912705117126263
1641,0.004209711020062599
1642,0.004017587357508492
1643,0.004071815059741296
1644,0.00404720741888445
1645,0.003940150803704825
1646,0.004184057593732378
1647,0.004387012751915066
1648,0.004099358529270769
1649,0.004227480063830518
1650,0.00386432023576887
1651,0.00420855780889801
1652,0.004011167743109103
1653,0.003834855842396175
1654,0.004123119880066459
1655,0.004151385492582063
1656,0.0038057042954694796
1657,0.004147250415417918
1658,0.004146595144155041
1659,0.003932352192597306
1660,0.004036064727342356
1661,0.004068325112881612
1662,0.004158422859953874
1663,0.003856085898883451
1664,0.00412379758594305
1665,0.004129814403328918
1666,0.0038183578013805514
1667,0.003875701310373527
1668,0.003954448818102858
1669,0.003988275988130056
1670,0.004076831547890679
1671,0.004442686888870736
1672,0.003797005763340552
1673,0.003940872690182621
1674,0.003899579178107808
1675,0.003859521238078063
1676,0.004036400358634606
1677,0.0040825948699266985
1678,0.004063384091457889
1679,0.003787824744950601
1680,0.004122886750491936
1681,0.0039711055706918115
1682,0.0042034804404681644
1683,0.003957782999288796
1684,0.003949475709459413
1685,0.003870463468355395
1686,0.0039596792420972205
1687,0.0040590362712125275
1688,0.0038763261340968944
1689,0.0037883851406859013
1690,0.003838177038340877
1691,0.0038440939674343347
1692,0.004065772194920455
1693,0.0038315168477326507
1694,0.003927939377085827
1695,0.003975003149747154
1696,0.003855358847708962
1697,0.0037640820807872057
1698,0.004007484439279
1699,0.003861395713194447
1700,0.003968117762577988
1701,0.004031381544151927
1702,0.004091592989980354
1703,0.0038851216944502825
1704,0.004002790756018485
1705,0.0038688064955364346
1706,0.0039706277479496545
1707,0.003937004124193247
1708,0.004103512490381313
1709,0.0037935621083429938
1710,0.0038961021128994557
1711,0.004043306374993428
1712,0.003891319016752354
1713,0.004047921237188502
1714,0.0036562956263847903
1715,0.004003629299527887
1716,0.0038530421048655348
1717,0.003930096695065435
1718,0.003873068923170094
1719,0.003656818426877134
1720,0.003970012350907644
1721,0.0039151670634194075
1722,0.0037122631851994135
1723,0.00406322547656847
1724,0.003669575282956584
1725,0.003814535086256278
1726,0.0038124704605236774
1727,0.003891352735759722
1728,0.003832773601446869
1729,0.0037027863722483992
1730,0.00388077940689242
1731,0.00371596897790461
1732,0.0038808123139522466
1733,0.0038698724504576017
1734,0.0037246287683956325
1735,0.004079971268133782
1736,0.0038338202600351583
1737,0.0037661243833885605
1738,0.00384377792943269
1739,0.0035703026352181906
1740,0.0037686278869918845
1741,0.0038523406877529697
1742,0.0034254760968783016
1743,0.004004479476676906
1744,0.003891150139556345
1745,0.004034587014387599
1746,0.00386384615410214
1747,0.0039548600137912495
1748,0.0037656071491271132
1749,0.003778317425265845
1750,0.003691710915487512
1751,0.0038184455301912535
1752,0.0038499576661151723
1753,0.0036993757436857007
1754,0.004078574458894841
1755,0.003834380631106195
1756,0.003867926961008333
1757,0.0036868681140654423
1758,0.003909040680470861
1759,0.0036949679291002073
1760,0.00361903003117038
1761,0.003611248528182317
1762,0.003698528353598411
1763,0.0034930880903660997
1764,0.00365140287095081
1765,0.0035804119464246777
1766,0.0037250764908711032
1767,0.0036740263487938475
1768,0.003731187656955888
1769,0.0037764269736263963
1770,0.0036319323452347414
1771,0.0036907335437471205
1772,0.0038135097918526855
1773,0.003714228982216347
1774,0.003689892666011859
1775,0.003862202555233202
1776,0.003671356098000276
1777,0.003738114792829916
1778,0.0036401075135395564
1779,0.003801581232761175
1780,0.003868562015468034
1781,0.003721189975217616
1782,0.0036705552681222937
1783,0.003814722748741634
1784,0.0036947326744527762
1785,0.003984107458332585
1786,0.003579153645767878
1787,0.003439129179272548
1788,0.003907996096640384
1789,0.0033624581213235476
1790,0.0034074879515821398
1791,0.0038948738030000134
1792,0.00362122981114534
1793,0.0036458377213359383
1794,0.003584576817032076
1795,0.0037443726333410685
1796,0.003482843079343754
1797,0.0037209751080500625
1798,0.00370988371126922
1799,0.003673333825614556
1800,0.003507993095238709
1801,0.0038186716432762097
1802,0.0037085671901260896
1803,0.003639754732691888
1804,0.003620086195365668
1805,0.0035333108202301724
1806,0.0034233435072888764
1807,0.003817035147715044
1808,0.0037040800937467207
1809,0.0036886898046990823
1810,0.0034152439744132806
1811,0.0039062047450234955
1812,0.0034959610014901324
1813,0.003727766603302463
1814,0.003426121613918409
1815,0.0035367165070611163
1816,0.003324031324709876
1817,0.0037640043548150463
1818,0.0035259805943311778
1819,0.0038090276855470267
1820,0.003602352448131384
1821,0.003383932786133393
1822,0.003600895611995484
1823,0.0035975599953494333
1824,0.0035790776916763793
1825,0.0034827692039563493
1826,0.003527430362675844
1827,0.003490909573945643
1828,0.0034446882358278638
1829,0.0034061256732981085
1830,0.003700346194633867
1831,0.0036499899470689313
1832,0.0034702182934872048
1833,0.0034088709478471745
1834,0.003519986891306116
1835,0.003662796670342085
1836,0.0033608804312850334
1837,0.0035653650085836395
1838,0.0036219069793409966
1839,0.003600047450410044
1840,0.0033130261019045895
1841,0.003415727334775788
1842,0.0033506814911330152
1843,0.0035004526883821493
1844,0.0034228471972016714
1845,0.003567469736434898
1846,0.003499100342890153
1847,0.003630942215164334
1848,0.003537289104700657
1849,0.0037122373183068455
1850,0.0035020841090245393
1851,0.0033939027935818975
1852,0.0032282315576409575
1853,0.003510061873446645
1854,0.003621730723584039
1855,0.003314899995930935
1856,0.0034975657413192727
1857,0.0033311381940019586
1858,0.003563451836225024
1859,0.0035633097552710165
1860,0.003503085629051646
1861,0.003375447214131196
1862,0.0035764719527293693
1863,0.0032846288305659922
1864,0.003476170256686539
1865,0.003304825847084492
1866,0.003372256487205435
1867,0.003628982729239042
1868,0.0033485172602537453
1869,0.0033270409843742343
1870,0.0034827915349801594
1871,0.0034779826745438246
1872,0.0032670542270229275
1873,0.003312893271035815
1874,0.0033206672228130877
1875,0.0033525964255065864
1876,0.003432413049129043
1877,0.003137658656006521
1878,0.0035538680612709436
1879,0.003331448101454367
1880,0.0033896162719229015
1881,0.0035121796161362556
1882,0.0034675184958930113
1883,0.0032675035664874873
1884,0.003369096003599086
1885,0.0032240077882799935
1886,0.003470849110626505
1887,0.0032442126213967546
1888,0.0034131865235148156
1889,0.0034309738282098483
1890,0.003079890163015511
1891,0.0033820890634068115
1892,0.003487674256991911
1893,0.0032934459978004255
1894,0.0033772806429809305
1895,0.00326679440676945
1896,0.0034697152441367507
1897,0.00315044550481647
1898,0.003204184448172859
1899,0.0030133414025008045
1900,0.0032635516737650892
1901,0.0032020734220553756
1902,0.0032159272202495802
1903,0.0034667212048434984
1904,0.0032806629078241728
1905,0.003044795449152273
1906,0.003225638569624684
1907,0.003099443388992321
1908,0.0033182299753130116
1909,0.0033832691329673437
1910,0.0032696166091551217
1911,0.0032247927915936303
1912,0.003367572316457912
1913,0.0032655017685255636
1914,0.0032210182038459423
1915,0.0030494096266674036
1916,0.003182614233021198
1917,0.003409693110339596
1918,0.0033037727234995593
1919,0.003261131628108669
1920,0.0032648081127633105
1921,0.0032891127551211265
1922,0.003142812502396814
1923,0.0031752470265126835
1924,0.003220025498333182
1925,0.003002650024550888
1926,0.0031951624047705683
1927,0.0032371931188439917
1928,0.0034419036494031294
1929,0.0030971399026970235
1930,0.0030827181368387477
1931,0.003011464455038688
1932,0.003069911334639952
1933,0.0030026014310197305
1934,0.00314875722022222
1935,0.003097664946650739
1936,0.0030140926621428105
1937,0.0030373313189957733
1938,0.002980899438656614
1939,0.0031849586560738163
1940,0.002912631534608239
1941,0.003277522405230645
1942,0.002894622632854823
1943,0.0031480398502642826
1944,0.003095575998008441
1945,0.0031061987728038328
1946,0.0031158521216978334
1947,0.003199123986602082
1948,0.0029311089098682406
1949,0.003007419368891456
1950,0.0032074059797766604
1951,0.00294770829190137
1952,0.0030711744882371593
1953,0.0030493265485501517
1954,0.002966704033512496
1955,0.002863244076606707
1956,0.0028643860023910717
1957,0.0030572088425426538
1958,0.003123132796105692
1959,0.00303860407488389
1960,0.0028058417907016256
1961,0.0030345240059324492
1962,0.003080324726613333
1963,0.002846506120384497
1964,0.0030312492952176955
1965,0.0031217409315582177
1966,0.002772560446736229
1967,0.00289976658196962
1968,0.0028551503467389334
1969,0.002765682333551537
1970,0.002989505806353764
1971,0.002857533878433692
1972,0.002715528407923372
1973,0.002699300258073135
1974,0.002685507902504592
1975,0.0028452553660056347
1976,0.0027971863845300117
1977,0.0027733321293746515
1978,0.0027224349491377126
1979,0.002672473004214087
1980,0.0027232464379236356
1981,0.0026810364210701912
1982,0.002714590644029806
1983,0.002639753930467986
1984,0.0026843329591645024
1985,0.002797674881965238
1986,0.0025750725560671635
1987,0.002545419769160355
1988,0.002671509573208484
1989,0.002652983883616783
1990,0.002723713022640954
1991,0.0026250310050781375
1992,0.0026912883632437532
1993,0.002516046352881812
1994,0.0026356366559689456
1995,0.0025802350906907754
1996,0.0026721020980927527
1997,0.002573377191349548
1998,0.0025440287821673615
1999,0.0025439490366853394
2000,0.0023728875922812624
