1,0.4112696376139835
2,0.16721952428757134
3,0.12640399081727205
4,0.1012654028896053
5,0.0890454680548381
6,0.07879847499652434
7,0.06910159157873211
8,0.06502670703171673
9,0.05898319140581761
10,0.05726012877993664
11,0.054686986667624976
12,0.052303539825824356
13,0.05003291660509372
14,0.04810542171284304
15,0.04730222732523235
16,0.04387328222835973
17,0.04072181171721826
18,0.04169561985438153
19,0.040285377415938906
20,0.037985143157006324
21,0.03700506164676557
22,0.036557969084735645
23,0.03456997670927795
24,0.03473867221845914
25,0.03404180151489326
26,0.033529293344561326
27,0.03135798064897121
28,0.03157658829211683
29,0.031129065143354867
30,0.030706252839605687
31,0.030222325349005603
32,0.029606604585581918
33,0.028770534037533452
34,0.02791219881846238
35,0.028808123874083415
36,0.027000343127144597
37,0.027002660383991267
38,0.027439487892818654
39,0.026633047530332864
40,0.026794152460613493
41,0.026532719835197015
42,0.02603174677371221
43,0.025404100858811604
44,0.02560433368119648
45,0.02605188438290004
46,0.025337220903612293
47,0.024299314577069322
48,0.024178268529979858
49,0.023974804191897483
50,0.023840575407937926
51,0.023274124102761685
52,0.024155405097467414
53,0.023002997924715787
54,0.023079896700899986
55,0.02265285075468532
56,0.022473310341395564
57,0.021957959372045126
58,0.022716438105740283
59,0.021644725022300824
60,0.02167643020245231
61,0.021894386322316477
62,0.02124387861655678
63,0.02200294473855677
64,0.021410759049073115
65,0.021354849268761227
66,0.02060373567076305
67,0.02113098990550991
68,0.020730559406328505
69,0.020529646355406207
70,0.020817870952946654
71,0.020555669544422527
72,0.020637387244062402
73,0.019876158488440817
74,0.020308239117138468
75,0.019927874965182807
76,0.01988427202864471
77,0.01922554114707193
78,0.019886865580486038
79,0.020056614454961933
80,0.01926233212984467
81,0.01940356016601041
82,0.018550735850960523
83,0.019460850766212758
84,0.0189645500395889
85,0.019088958232205803
86,0.018637211235650514
87,0.01882825076769469
88,0.01872771474043444
89,0.019018520782622745
90,0.01835295439587306
91,0.018333918186125613
92,0.018433306642444962
93,0.018144797218047966
94,0.018297529763589473
95,0.018200316048085183
96,0.018098770096203535
97,0.018289795042789082
98,0.01813644343608264
99,0.018125517948893673
100,0.017482771159354912
101,0.017612733254682714
102,0.018241472455467714
103,0.017522560274702007
104,0.017370243675185967
105,0.017276499467759818
106,0.017389533173103454
107,0.01752788493788596
108,0.01716773379278385
109,0.01698663787348038
110,0.017029235763001745
111,0.017220753963279017
112,0.01708817433060731
113,0.016690324510495038
114,0.017277157936497766
115,0.016685590818840062
116,0.016447271836006035
117,0.016992670744341815
118,0.016809801468467812
119,0.016539431847947633
120,0.016443542591532915
121,0.016611248254776
122,0.016273292326131613
123,0.016400907164976254
124,0.01643764349963453
125,0.01626966287524013
126,0.01642099449063762
127,0.01607324494743499
128,0.01633829452981383
129,0.016168985018601357
130,0.016578292505720914
131,0.01629773067247312
132,0.016076621449536692
133,0.016073231253836116
134,0.016127443059458065
135,0.015918632345747644
136,0.015792820231704894
137,0.015828654754086065
138,0.01599780867918063
139,0.016241930614588625
140,0.015755552032930872
141,0.01627706842086578
142,0.015430034532890482
143,0.01594248764469462
144,0.01580866495684042
145,0.015240527863093352
146,0.01522253476619973
147,0.015821785492412116
148,0.01574737651242038
149,0.015675146298451445
150,0.015216495960130024
1,0.4039390243716159
2,0.17271323685171242
3,0.13192290654879504
4,0.11236670480693801
5,0.0941927869630567
6,0.08226626435831441
7,0.07575085765476954
8,0.07335849845055807
9,0.06691644113447706
10,0.06017756705188145
11,0.05635207354769868
12,0.05302673286237454
13,0.05185026220851025
14,0.048091404329417116
15,0.047646575528433766
16,0.04411024936490645
17,0.04335813843092676
18,0.041630519711870255
19,0.04046234778933606
20,0.03850462731226521
21,0.03866934905744205
22,0.03768413136634281
23,0.035402684930270004
24,0.03572158406535953
25,0.03496244813362926
26,0.03387641202721555
27,0.03274643717933509
28,0.03202811710662761
29,0.03176474102409715
30,0.031020809059678498
31,0.03083013793674566
32,0.029761398953022593
33,0.029964537012501288
34,0.02921668987847486
35,0.028710637336312714
36,0.027931766773937113
37,0.027667664591286143
38,0.028210492599439824
39,0.02728151272729797
40,0.027386172082653995
41,0.026239844228504068
42,0.025549689039461695
43,0.02526710730172315
44,0.025407663664891052
45,0.025679729326422943
46,0.025372980557129544
47,0.023905281001165256
48,0.0248539554649743
49,0.023884198873035483
50,0.02359602280687225
51,0.023268236581362404
52,0.0237250762233921
53,0.023324576522207867
54,0.023012179581416867
55,0.023387891027318725
56,0.023129761061173374
57,0.022436213482297577
58,0.02278552696077248
59,0.021879669602455225
60,0.021771977679267272
61,0.022597219652922478
62,0.021202171481830085
63,0.02166684786394491
64,0.021492402550717025
65,0.020659468783918073
66,0.021164193315336765
67,0.020655555958401853
68,0.02064679121061907
69,0.020625096169631867
70,0.01961251137525601
71,0.020941320427898633
72,0.021137007906780404
73,0.019803728008548082
74,0.019882882818958517
75,0.019887596455607878
76,0.019241307656896318
77,0.020482158635632467
78,0.019854406857768358
79,0.019852716704609537
80,0.018958723496140566
81,0.019109638636710786
82,0.019191701028306606
83,0.01955000865194252
84,0.019588844795411422
85,0.01921930266702074
86,0.018738169436169377
87,0.018819858943569964
88,0.018655855784792515
89,0.018259335767035766
90,0.01886396452595117
91,0.018273014480532226
92,0.018591302162888696
93,0.01786130674625352
94,0.018169249889393477
95,0.017968207676658184
96,0.018317793748515138
97,0.01765255692367584
98,0.018287472576850046
99,0.018492693191994043
100,0.01805599741795558
101,0.017460006991622305
102,0.01801830119753288
103,0.017481915076594738
104,0.01787769641348366
105,0.017182787091045055
106,0.01717754722557078
107,0.017036349552099483
108,0.017937541465764328
109,0.01674982473664617
110,0.017435984101967287
111,0.017518550449571874
112,0.017412135945790906
113,0.01658973242235133
114,0.01719279094772824
115,0.016890245489776134
116,0.017304898358060646
117,0.016262100796388873
118,0.017252849959531576
119,0.017006025767995644
120,0.01699729360861041
121,0.01631368676958195
122,0.01640957387132665
123,0.016434448171343843
124,0.01629074938374303
125,0.016568408687046524
126,0.01644568258138784
127,0.01633384590179233
128,0.016108185526425556
129,0.016400137750463464
130,0.015804623632486595
131,0.015536100043268022
132,0.016031136902017615
133,0.015575582556173964
134,0.015919418855554472
135,0.016395453774070336
136,0.015889861628855185
137,0.016456029385770277
138,0.01571941181575343
139,0.01601614417918658
140,0.01551679989828144
141,0.015156649913386269
142,0.016311101923238928
143,0.015169552866748329
144,0.015245798943659006
145,0.0155339993741679
146,0.015750558960046304
147,0.01598990185312548
148,0.014818323870836678
149,0.01566039286238157
150,0.014952475812791263
151,0.015081289721558155
152,0.015136253136068077
153,0.0158485280886545
154,0.01547899779911011
155,0.01549234354110845
156,0.014985038228017293
157,0.014698044965201515
158,0.015200860782573789
159,0.01469320121173889
160,0.015366764557626793
161,0.01472974529142602
162,0.015091894652252481
163,0.01472234197939604
164,0.014977563890802154
165,0.01534266103753599
166,0.01555466554048708
167,0.014998061819223025
168,0.014676676755297487
169,0.01501475416628991
170,0.014166529140419375
171,0.01451576767110471
172,0.014743624073532174
173,0.014431845017914044
174,0.01511101075842724
175,0.014825557240174484
176,0.01404141552620015
177,0.015071855565943456
178,0.014789070649924924
179,0.014205947534133822
180,0.01438128308124714
181,0.01436693585177852
182,0.01418306399926038
183,0.013914704251781864
184,0.014466632299630319
185,0.01403488602362952
186,0.014095819077722855
187,0.013749131068618874
188,0.014260230743784016
189,0.013911700949577962
190,0.014260187279433012
191,0.01404616407166093
192,0.014412041682497425
193,0.013995807373233266
194,0.01424997408037721
195,0.014101579856380062
196,0.014328557548065812
197,0.013458866562883733
198,0.013825610027474872
199,0.014191598260491076
200,0.013308404980353633
201,0.01435372103163499
202,0.01359556378575705
203,0.013801988032725403
204,0.013446295989077475
205,0.013692062502032367
206,0.01385682720248982
207,0.013689523831136146
208,0.013842595575408916
209,0.013759864466580547
210,0.013899638388558464
211,0.01350706189839264
212,0.013611280726332027
213,0.013915270614295693
214,0.01331223425518532
215,0.013458633116620072
216,0.014224049047235463
217,0.013613199049575348
218,0.013388265011106001
219,0.01302283919037525
220,0.013430030645518485
221,0.013188662473112345
222,0.013730003459031805
223,0.013531626336339671
224,0.01368761705866052
225,0.013387160659846613
226,0.013609299680881076
227,0.013585804985299453
228,0.013011949559105403
229,0.013075626238201887
230,0.01363444947085138
231,0.013117267304273733
232,0.013535277511514092
233,0.013212986945537693
234,0.013178193120885704
235,0.013676534493659007
236,0.013323279393647434
237,0.013128531275916908
238,0.013596609132206542
239,0.013293076460486499
240,0.013142700587257238
241,0.013183057931709593
242,0.012712727730967483
243,0.013322394850300782
244,0.013380270680191658
245,0.013265253324850889
246,0.01321918893037206
247,0.01293535650928773
248,0.013124078350394206
249,0.012969450831760541
250,0.012635090041084814
251,0.01314142199185819
252,0.013077728225360229
253,0.012998801442968139
254,0.013365395063281818
255,0.013107473851513054
256,0.012992441093833264
257,0.013011203723628137
258,0.012680168910804441
259,0.013108214201658206
260,0.01311374791124362
261,0.012787806043811774
262,0.013013790554951056
263,0.012868091886294848
264,0.012967021863560304
265,0.012782261004450462
266,0.012441861324833107
267,0.012419320654786997
268,0.012690180174659118
269,0.012696422032727781
270,0.012787253351219125
271,0.012542391791781885
272,0.012388134564636118
273,0.012560694557377848
274,0.012505935319557281
275,0.012553840930873559
276,0.012233277999843329
277,0.012979670325136286
278,0.012500252850921982
279,0.01221717347911859
280,0.012669288616438033
281,0.012533615954946412
282,0.012998056704557295
283,0.012298591904563167
284,0.012497566119467809
285,0.01265261079563554
286,0.012495374318875246
287,0.012703454469220114
288,0.012273074557878455
289,0.012295132573946552
290,0.011988455804569994
291,0.012176634822735342
292,0.012633108411584113
293,0.012459473719946662
294,0.011994984865157028
295,0.012455146207268966
296,0.012246848719383953
297,0.012069494625300927
298,0.012371163424578006
299,0.01224543384702529
300,0.012367337721131615
301,0.012166778703014983
302,0.01215170330557404
303,0.011942930977349565
304,0.012193399805070485
305,0.012395958151763021
306,0.01234059478945525
307,0.012006458696135777
308,0.011656857510018399
309,0.012634795711580979
310,0.01223682192690923
311,0.012182898464281175
312,0.012394183646824401
313,0.012654852220725458
314,0.012143752210126337
315,0.012033180014025105
316,0.012190844682124207
317,0.012372335576910084
318,0.012187391113079453
319,0.012241556163151132
320,0.0120402955315944
321,0.011941749310531354
322,0.012132522188348033
323,0.012355756669668323
324,0.012425390170823973
325,0.012296538089670368
326,0.011870293767522957
327,0.01190469293634139
328,0.011969036616037711
329,0.011822512748225008
330,0.012016089743603084
331,0.01185464670376505
332,0.011756913535202206
333,0.012516650323898105
334,0.012192506528601555
335,0.012357264157321494
336,0.011777361389249563
337,0.012185395067810254
338,0.012244890029621074
339,0.012089457690431658
340,0.01219919373644358
341,0.011908926555129179
342,0.011719387277203092
343,0.011620642262179468
344,0.012017757430577935
345,0.011809820822298022
346,0.011746488874620301
347,0.011475331568301229
348,0.011772601983620453
349,0.011369219562828036
350,0.012021551599284098
351,0.0118522781965528
352,0.01190850128009284
353,0.011874556999211595
354,0.011587047925755635
355,0.011703043426308086
356,0.011730583913434865
357,0.011452658062453493
358,0.011766204436830545
359,0.0120967277720318
360,0.011986669989586887
361,0.01212981674362416
362,0.011622347241520123
363,0.011416557473840854
364,0.01144868912080587
365,0.01204289895308725
366,0.011379997107847515
367,0.011134363197863607
368,0.011658300215504685
369,0.011547431752275107
370,0.011584361999343007
371,0.011417116251600495
372,0.011457885406374678
373,0.011213741801931696
374,0.012239732988715425
375,0.012219756810089289
376,0.01137810127841214
377,0.01158756926119075
378,0.011296601800279598
379,0.01159086595762963
380,0.011274412416426812
381,0.011680234716889464
382,0.011472966253631195
383,0.017044918682678777
384,0.010660178541063757
385,0.011519764798646004
386,0.011109629073732738
387,0.011577385051523224
388,0.011516861396573357
389,0.011618547615105822
390,0.011327913686064846
391,0.013196976855397224
392,0.010819742266656988
393,0.011689730059608059
394,0.01109279946313571
395,0.011399860991070331
396,0.01121447047897441
397,0.011286918598748112
398,0.011283579570541189
399,0.011260334718025337
400,0.011484697907058111
401,0.011241086225925108
402,0.011369139895285084
403,0.011091755387389053
404,0.011095236209457961
405,0.011489020238267415
406,0.011006798141367607
407,0.011075847640128459
408,0.011316666774199171
409,0.01139749272458129
410,0.010798294543115011
411,0.01141180617387517
412,0.011519299291263697
413,0.01151862423235582
414,0.011193037731572986
415,0.011379866485910143
416,0.011010081309951463
417,0.011051581466128514
418,0.011001619691881587
419,0.011269372082867865
420,0.011023023536712941
421,0.011171854985088615
422,0.01133435359224677
423,0.011227287064006521
424,0.011184625311802
425,0.011370595994452804
426,0.010833940535815339
427,0.011195943244906553
428,0.011541585469523729
429,0.011055565245796815
430,0.011134726421560272
431,0.010863328711682205
432,0.011388134006095134
433,0.01081237486579408
434,0.010700872823027736
435,0.011165342877729464
436,0.011302855564281344
437,0.011279988864247324
438,0.011139302660505904
439,0.01151935659522601
440,0.01125454860029079
441,0.011015933571320217
442,0.010718690144624246
443,0.011269292585015044
444,0.01120663068841322
445,0.011080630222272318
446,0.0111435459318997
447,0.010983888320309125
448,0.011025330908122962
449,0.011074142187233951
450,0.010810299062217444
451,0.011099693633742252
452,0.010898490823110786
453,0.010639241454586133
454,0.01099070264184374
455,0.010985044324454867
456,0.011063271659915731
457,0.010983041183770461
458,0.010575274289664576
459,0.011380488838274347
460,0.010614551315715506
461,0.011338181549020238
462,0.010812218300998211
463,0.011047665128421228
464,0.0110885362038231
465,0.01098143429716386
466,0.010780914142033306
467,0.010839319093373873
468,0.01064093545537
469,0.010807964185221215
470,0.01039263536222279
471,0.0106293097280471
472,0.010895197437602585
473,0.010926180459969377
474,0.010487618741689849
475,0.010856125353819739
476,0.011382678701242401
477,0.010520324762121348
478,0.011115675626354198
479,0.010993118512333703
480,0.010927363212015165
481,0.010711893758941757
482,0.010539898021399216
483,0.010841574200223816
484,0.010708460319881975
485,0.011150228214781668
486,0.010785056593812119
487,0.01072774267897515
488,0.010528623000166173
489,0.01077764554706923
490,0.01071760474341148
491,0.01080601416149382
492,0.011040513983817172
493,0.010988240623530947
494,0.010815803999460097
495,0.01064221624095561
496,0.010659624861900583
497,0.010553757664037206
498,0.01084027613781519
499,0.010886223978852317
500,0.010797856857021481
501,0.010495214880901878
502,0.010736675565999191
503,0.010546953776472454
504,0.010606922035626435
505,0.010377874349291294
506,0.01083068033459328
507,0.010438696718064406
508,0.010675529045668446
509,0.010328255885801578
510,0.010782457556638677
511,0.010640277890330655
512,0.01081840735386615
513,0.010834927749583277
514,0.010521859625133417
515,0.010870838885085058
516,0.010684342932555888
517,0.010413887922383718
518,0.012683027992182868
519,0.010291633930183569
520,0.01058632311790045
521,0.010640538348895261
522,0.010711926323661611
523,0.010403085985394606
524,0.010358586248357669
525,0.010700637226040333
526,0.010293222790173555
527,0.010144957574084401
528,0.010958812053520547
529,0.010804010815602743
530,0.010638143318721045
531,0.010190026057189551
532,0.010794417743208044
533,0.010324108935261176
534,0.010453142352023367
535,0.010894103070436898
536,0.010722997661490562
537,0.010757245577208824
538,0.01059296213374552
539,0.010695655696030896
540,0.010737921553269282
541,0.010722284591993538
542,0.010612417667535907
543,0.010124079776548986
544,0.01034492828441247
545,0.010623388540915261
546,0.010504645729532181
547,0.010762517640398721
548,0.010436466606965258
549,0.010838044341653585
550,0.010556916043288627
551,0.010502441178502167
552,0.010341323959499093
553,0.010434273314678062
554,0.010363223477093092
555,0.010633123864940667
556,0.010469310017207922
557,0.010610463504158592
558,0.010238002689744709
559,0.010563486539837668
560,0.010364354856438556
561,0.010488951858922334
562,0.010128130907413819
563,0.010428363978231357
564,0.010408776030891527
565,0.01043112169146159
566,0.010552681051194668
567,0.010602786939717451
568,0.010566301624117008
569,0.010698332135581363
570,0.010121308578872832
571,0.01057866383817489
572,0.010304811919676297
573,0.010036769141522
574,0.01030978988224672
575,0.010719235007793216
576,0.010513444987551893
577,0.01076005492754028
578,0.010206881555397127
579,0.010299302235056283
580,0.010362786505276621
581,0.010470106290116653
582,0.01057858353528052
583,0.010407320046165989
584,0.0102205323173775
585,0.010370745927379545
586,0.010111937658482437
587,0.010332061806535823
588,0.010623988052198694
589,0.010442732233490985
590,0.010206754974452621
591,0.010264414788807854
592,0.010246288615389395
593,0.009797746043305024
594,0.010456819339828977
595,0.009879026925033433
596,0.010248347623589433
597,0.010438102952567703
598,0.010069963707730679
599,1.057410224325071
600,0.008987053992005728
601,0.010418000185104498
602,0.010630445566691332
603,0.01021097859336158
604,0.010237253239473044
605,0.010027150228872137
606,0.01004627262936684
607,0.010462683499238248
608,0.010030741195620621
609,0.010835101618826136
610,0.010653798965642513
611,0.009904588998879417
612,0.01051540041373948
613,0.010233851291744386
614,0.010021223145994847
615,0.010020213533129733
616,0.010266916893454174
617,0.010215458239160351
618,0.010001292365397943
619,0.010053681564848807
620,0.010104844638667369
621,0.009583036699411223
622,0.009763142670173261
623,0.01043111014858646
624,0.010411820453354868
625,0.010123931127995
626,0.010660083037090757
627,0.010182949911676726
628,0.010451376556529331
629,0.010192968140719301
630,0.010246396688270872
631,0.010408133007901705
632,0.01024641523185044
633,0.010233562747490103
634,0.010048580127057888
635,0.01033922924139237
636,0.009874528873774964
637,0.010412009168510972
638,0.010025108252825626
639,0.010120742220305285
640,0.010104180163688074
641,0.010063972848988438
642,0.01073322044211929
643,0.01022923591751921
644,0.010068374622802613
645,0.009614761109795358
646,0.010202564654271986
647,0.010101375268709105
648,0.010897954949572429
649,0.009931178396504562
650,0.009953078762549212
651,0.010525576513797298
652,0.009755515221159085
653,0.010019320955152735
654,0.010051347189030405
655,0.010074658303568929
656,0.010186956915215163
657,0.010036547395984753
658,0.010070583412139598
659,0.009930610396283663
660,0.009868019662986872
661,0.010116686645926814
662,0.010292483391082389
663,0.010020362884121932
664,0.009976398610210015
665,0.010146050050980964
666,0.010203763475578468
667,0.00940608495641184
668,0.009923853773339573
669,0.010061290695221495
670,0.010147591559532083
671,0.009758960195201434
672,0.010059429036642788
673,0.009795429583607336
674,0.010152440612851563
675,0.009630456259000605
676,0.010247058258786544
677,0.01007310820790797
678,0.010238475991034154
679,0.010059110370417268
680,0.010135730803486401
681,0.009821951397205307
682,0.010136879581989626
683,0.009649957013237526
684,0.009980846247714708
685,0.01003643006512548
686,0.009675809048053067
687,0.009832421144060159
688,0.010022516918794836
689,0.009999923593506722
690,0.01027891390672806
691,0.010139091958497035
692,0.009763561358864782
693,0.009625813833011662
694,0.010331129994622226
695,0.009790918651684109
696,0.009902133894452856
697,0.010286212464699806
698,0.010280338435639011
699,0.009740617489284379
700,0.009742871053138022
701,0.009729903068993304
702,0.00996349440587653
703,0.009693442070383137
704,0.010175283568106213
705,0.009841718987198704
706,0.009799182470256493
707,0.009875157181078852
708,0.009871248787237425
709,0.010104531102608574
710,0.009644884722686167
711,0.010172142157867804
712,0.009743481657420427
713,0.009913867682818387
714,0.010003255498674462
715,0.009892881670335339
716,0.00988284352835331
717,0.009771853582775695
718,0.009727878251381345
719,0.00990281226034513
720,0.010297890006706624
721,0.009795709667032805
722,0.010002913715128424
723,0.01006086885739686
724,0.00980379652642345
725,0.00973527185950365
726,0.009949320702324226
727,0.009830389234979274
728,0.01000125743290883
729,0.00998399875489837
730,0.010156428058615934
731,0.009843566293149428
732,0.009726618317950327
733,0.010129052103828575
734,0.009640740806836698
735,0.009731046362164415
736,0.009742598436078278
737,0.010093275236628823
738,0.009915996342897415
739,0.009711284849445447
740,0.009968234731231705
741,0.009651097236201167
742,0.010016819328006547
743,0.009685972153003944
744,0.009727177218044713
745,0.009854071663092758
746,0.009503504908564737
747,0.009801487209496357
748,0.009724547873424777
749,0.010076059924312314
750,0.009589237752923016
751,0.009927605551083461
752,0.009769040996492919
753,0.009668957844565985
754,0.009874299062037115
755,0.009662151020967354
756,0.009755843749143562
757,0.010226483212120958
758,0.011586888405194475
759,0.009525224826914274
760,0.009716039507697194
761,0.009731735848679634
762,0.009661992348856846
763,0.009835446833522391
764,0.009501272907196465
765,0.00975758320715089
766,0.00996843436575037
767,0.009981334939504326
768,0.009284041873258302
769,0.009764222455826603
770,0.00993646995038173
771,0.00941681420683103
772,0.009783842825820134
773,0.009499083312575594
774,0.009914649413677595
775,0.009744565282806249
776,0.009964800846242046
777,0.009956507777826766
778,0.009922972402803727
779,0.009632864292174324
780,0.0095500089938484
781,0.009940844104167516
782,0.009822360385935439
783,0.010108394769288726
784,0.009354775049329057
785,0.009795958357784202
786,0.009665658488332972
787,0.009549684759418843
788,0.009802475105971098
789,0.00936917107062951
790,0.009612503887738212
791,0.009597664564784806
792,23.77987561074985
793,0.011824030496211628
794,0.008585177172543638
795,0.009723278307119164
796,0.009855315006353844
797,0.009680632059856996
798,1.044380076016473
799,0.008514775922206246
800,0.009764746060373924
801,0.009517481519004046
802,0.009520308805187628
803,0.010204061060765032
804,0.009660143282864306
805,0.009707094943624432
806,0.009514745305118671
807,0.009608569247174566
808,0.009729474514596543
809,0.00975183167068635
810,0.009812733718841258
811,0.009896537292969682
812,0.00967649860165508
813,0.009857061891264077
814,0.009282005307564543
815,0.009582347114238951
816,0.009278685008412448
817,0.009245565354476794
818,0.009832190811413071
819,0.009700546025345891
820,0.009489061500308878
821,0.009684210489267263
822,0.009457141362225353
823,0.009820283631304815
824,0.009468313148718769
825,0.009356015886701012
826,0.009718837907095835
827,0.009185835285017551
828,0.009678293879822655
829,0.00944158992477519
830,0.009809908954331936
831,0.009642723947763443
832,0.009693669253897112
833,0.009372597804956011
834,0.009556399397867716
835,0.009608709056056658
836,0.00952983952632521
837,0.009338684968050506
838,0.009864156394881212
839,0.009695745491564779
840,0.00959603512912231
841,0.00920553831383586
842,0.009511094950770928
843,0.009587202288241963
844,0.00934030134941183
845,0.009583391182093044
846,0.00944585018491341
847,151.4866083647535
848,0.007956784644748196
849,0.009033530883459468
850,0.009542374540183503
851,0.00952571987616435
852,0.009649072012122152
853,0.009576733468763404
854,0.009249069329382758
855,0.009297460341289386
856,0.009374059499951742
857,0.00971291288812408
858,0.009418390190102538
859,0.009348125678439767
860,0.00920155740311464
861,0.009154176678887363
862,0.009456938637767807
863,0.009661794146838583
864,0.009062971367295516
865,0.009377089790778897
866,0.009648573584854603
867,0.009351054360395518
868,0.009192406298529547
869,0.009155629332950813
870,0.009442288010239096
871,0.009265271745527447
872,0.009488924035518351
873,0.00949631791198784
874,0.009666223840598585
875,0.009581823632026375
876,0.009471510501452169
877,0.0090927029841469
878,0.009481652616128579
879,0.009270016727495497
880,0.009659271316318694
881,0.009419165287261545
882,0.00950547655791802
883,0.009389335254080972
884,0.009595569527029233
885,0.009418179505994008
886,0.00966219797383173
887,0.00930966910416797
888,0.009640831054361948
889,0.009078735410693591
890,0.009507163171261802
891,0.009327542336689214
892,0.009448716460364097
893,0.009194340193802017
894,0.00945627504280942
895,0.00935090327698548
896,0.009950004214168353
897,0.009503917109568492
898,0.008903331604738862
899,0.00952632037796459
900,0.009675336224263755
901,0.009622548773916344
902,0.009312112132971317
903,0.009485639714620124
904,0.009179609989494844
905,0.009324522862621283
906,0.009728711465436775
907,0.009379420429468155
908,0.009651617845520377
909,0.009252446182703569
910,0.009287812316916505
911,0.009311878773525862
912,0.009159535781275166
913,0.009443258554911462
914,0.009099330820174794
915,0.009402582031216914
916,0.009011212610087152
917,0.009401449941540673
918,0.009314602008089423
919,0.009297810151573207
920,0.009257636692027673
921,0.009157195217686437
922,0.008795156684246356
923,0.009616695297092704
924,0.00893156242683151
925,0.009433242531840578
926,0.00955051580301912
927,0.009297684509843841
928,0.00925636274140265
929,0.009085973847057607
930,0.009188661525436377
931,0.009348436775696228
932,0.009126590845033021
933,0.009271011825935063
934,0.009408370725873668
935,0.009403779854114025
936,0.00898316331302463
937,0.009130579648318432
938,0.009530611442780848
939,0.009250048824222916
940,0.009199307426431422
941,0.009164505697376394
942,0.009259000156169473
943,0.009265266785050854
944,0.00940121743054587
945,0.009325721873349305
946,0.009138273888157081
947,82.26798559392613
948,0.008187770886914962
949,0.008798246587610851
950,0.009085392038795655
951,0.009373172833505323
952,0.009146490240848418
953,0.009118923143941467
954,0.009464461356401443
955,0.00881537020411658
956,0.009144096481377038
957,0.00922392230180992
958,0.009590657577865709
959,0.39333013499202996
960,0.00803519472069407
961,0.008935282732975685
962,0.009452515190972363
963,0.009121482039533429
964,0.009241558927095543
965,0.009214416055513893
966,0.009109691768032262
967,0.009062810023552028
968,0.009571781437212632
969,0.008956315789087597
970,0.009199675125211982
971,0.008938983216944892
972,0.00920272076707649
973,0.009518645467015646
974,0.009197155124176357
975,0.00906071365589939
976,0.009285097128822136
977,0.009074295113273597
978,0.009426567486439974
979,0.009209802563665277
980,0.009139247045268193
981,0.009380492922392184
982,0.0093868715783297
983,0.009415490012142366
984,0.00888191629595802
985,0.009214484791855439
986,0.00934729718019144
987,0.009639224515028171
988,0.008957397180877753
989,0.00903912986849703
990,0.009158394259984716
991,0.008705340748084552
992,0.0092001706282845
993,0.008958678084851826
994,0.00929308132963034
995,0.00929873975356883
996,0.00893072706599862
997,0.009442684181444979
998,0.009206106314056758
999,0.008957198015966658
1000,0.00921125053743816
1001,0.009266691187680778
1002,0.009220537102102475
1003,0.009299591507257546
1004,0.009181822148956737
1005,0.008974057685394408
1006,0.008929628965650069
1007,0.008972696624538404
1008,0.009347466207346168
1009,0.009034284785137339
1010,13.974172720515911
1011,0.008491307378636074
1012,0.008170023288230523
1013,0.008986845849302866
1014,0.00888916093193121
1015,0.008993859308124599
1016,0.0090827438309473
1017,0.008868451265744487
1018,0.008975598550701545
1019,0.009282754375046845
1020,0.008966990091474884
1021,0.009437598114422822
1022,0.00917330323087083
1023,0.009105333166544214
1024,0.00913514991259297
1025,0.009177190902784972
1026,0.009016504424418939
1027,0.008770655580180682
1028,0.009077765090959304
1029,0.009285860225337289
1030,0.009094864465454119
1031,0.009063796862423167
1032,0.009071972982768538
1033,0.008882724920729711
1034,0.009126964423773904
1035,0.008919706639154987
1036,0.00924097760817257
1037,0.008809549288066515
1038,0.00895190732632527
1039,0.009111955659306151
1040,0.008583384625203276
1041,0.009432684807738258
1042,0.009019056193025435
1043,0.009107111988715449
1044,0.008966161830003485
1045,0.008993973328053193
1046,0.008972882892999608
1047,0.008856549168447568
1048,0.009365504572041711
1049,0.008836597740902738
1050,0.00891728068591427
1051,0.009208783830942239
1052,0.008960170746323163
1053,0.009014949691876516
1054,0.009236700686831342
1055,0.008906795043435138
1056,0.009101903646142554
1057,0.00905263036789404
1058,0.008699542732309487
1059,0.008816576199763912
1060,0.009256930812656626
1061,0.00904249009218509
1062,0.008882419210148313
1063,0.008898272463199446
1064,0.009360735198104028
1065,0.008674623799841788
1066,0.009149442959608416
1067,0.009038623935400935
1068,0.009019026974752799
1069,0.008831981466925246
1070,0.009057691032698347
1071,0.008585528786278378
1072,0.00906289694041519
1073,0.008845592643749916
1074,0.008858006202884145
1075,0.00917814680280448
1076,0.009096722000168037
1077,0.009009493072911844
1078,0.009073953033756401
1079,0.009014334861125987
1080,0.009040758364944387
1081,0.008781144616462417
1082,0.008968802887188682
1083,0.0088208534604854
1084,0.008675575465500608
1085,0.008824903316701115
1086,0.00884377056638063
1087,0.00897582368214883
1088,0.009038379459278816
1089,0.00902738685372396
1090,0.009007016844037225
1091,0.009256819259154342
1092,0.009211490672649973
1093,0.009061386654848012
1094,0.008906584189636475
1095,0.008435615231835489
1096,0.009134604086531169
1097,0.00890510813806648
1098,0.00884922034643843
1099,0.00934492889791727
1100,0.008927238769671423
1101,0.008813475870322121
1102,0.009214012528438184
1103,0.008693582319133615
1104,0.008770753917584227
1105,0.008597059313491997
1106,0.00886830498890604
1107,0.008786574262588963
1108,0.008824378737422117
1109,0.009201981817861483
1110,0.0091520925052464
1111,0.00908802893265324
1112,0.008709170772709836
1113,0.008792278080610401
1114,0.008797086972616991
1115,0.00898132486253093
1116,0.00857283556202458
1117,0.008796055623630093
1118,0.008897028997603614
1119,0.008910232610305992
1120,0.008731918350272512
1121,0.008803662184973136
1122,0.008478226325616746
1123,0.008903390455643758
1124,0.008671302052404163
1125,0.0087545579457182
1126,0.008922502240639622
1127,0.0087985984854779
1128,0.00887940677230136
1129,0.008613575699786514
1130,0.008869579184200551
1131,0.009015907888632204
1132,0.00882696009919805
1133,0.008761948329728033
1134,0.008930774606859027
1135,0.008994209785330094
1136,0.009052217799886051
1137,0.008960037243599861
1138,0.00911651598289609
1139,0.008610586434508027
1140,0.009006654760816087
1141,0.00901897250422103
1142,0.008911308887714551
1143,0.008732961636762751
1144,0.008430410803974433
1145,0.00861854894260355
1146,0.008883506260906993
1147,0.00842194001869125
1148,0.008566313648154423
1149,0.008474963259393885
1150,0.008828471379228315
1151,0.008743423041177251
1152,0.009995500837310644
1153,0.008633948018048274
1154,0.008876130288719372
1155,0.008899744994685812
1156,0.008983531023644038
1157,0.008936865460443295
1158,0.010875062196184013
1159,0.008274934980702602
1160,0.00882386043273165
1161,0.00883092732421296
1162,0.008705891262329483
1163,0.008919693636155482
1164,0.00847550212421407
1165,0.008705966944127516
1166,0.008852014420711892
1167,0.008870907905274781
1168,0.008631221172636596
1169,0.008794944875447427
1170,0.00866801841815902
1171,0.008886091541341049
1172,0.008426268194344336
1173,0.008856090381583673
1174,0.00886696218355101
1175,0.008793440177815698
1176,0.008842639656642736
1177,0.00855776289541085
1178,0.008862322291075173
1179,0.008583941986247644
1180,0.008876271289378658
1181,0.008771234985156837
1182,0.00874697084349217
1183,0.00862858979568138
1184,0.008607604765822575
1185,0.00856440780700137
1186,0.008679040017048433
1187,0.008837363607707923
1188,0.008552589189355909
1189,0.008534418205904254
1190,0.008590839834789098
1191,0.008625034033715472
1192,0.008428587373030387
1193,0.008720986730561165
1194,0.00887694059855352
1195,0.00870862576747471
1196,0.008688260422293412
1197,0.008756358148845829
1198,0.008595150461325706
1199,0.008258841276737088
1200,0.008942810577829764
1201,0.008589114903046166
1202,0.008576885473488246
1203,0.00893061390635952
1204,0.00884955853886776
1205,0.00866536298861443
1206,0.008678870784687036
1207,0.008588150076536556
1208,0.008726235001616307
1209,0.008514115093591608
1210,0.008571215798699502
1211,0.008841923355140675
1212,0.008338899560809389
1213,0.008758335417704814
1214,0.008615772733149134
1215,0.008351225220456214
1216,0.00860192989378031
1217,0.008736168882825364
1218,0.008570288075134158
1219,0.008795010549474066
1220,0.008674651139684148
1221,0.008295549320499017
1222,0.008441558683890913
1223,0.00849748610803005
1224,0.008745000618746725
1225,0.008917463438238129
1226,0.008393014516776143
1227,0.008752004748557583
1228,0.008592225390218072
1229,0.008542207693207567
1230,0.008752098555629284
1231,0.008473006842689495
1232,0.008688480822148464
1233,0.008625200211654529
1234,0.008491337662404877
1235,0.008431584830790505
1236,0.008588179941999457
1237,0.008367980652788685
1238,0.008534173587715979
1239,0.008738754577619039
1240,0.008664732060979232
1241,0.008716217680218614
1242,0.008815822432259634
1243,0.008569640206109922
1244,0.008336978617234755
1245,0.00871873574362973
1246,0.008981581315619208
1247,0.008729380062165655
1248,0.008452870898832709
1249,0.008578417262346563
1250,0.008544143711579806
1251,0.008524782809634077
1252,0.008458911895088978
1253,0.008240923849802654
1254,0.008286813009625017
1255,0.008652235515478808
1256,0.008544285134491274
1257,0.008810036642066503
1258,0.008682199663056408
1259,0.008344228624097876
1260,0.008333568188945874
1261,0.008476735270282223
1262,0.008450507679638468
1263,0.008317977075575519
1264,0.008470753192017644
1265,0.008236253432834805
1266,0.008544464595615864
1267,0.008525296189364488
1268,0.00840264962891401
1269,0.008330886733670861
1270,0.008529714407336157
1271,0.008510111412822695
1272,0.008231381550273401
1273,0.008783792879558721
1274,0.008508551976312015
1275,0.00846835985874473
1276,0.008694874260858711
1277,0.008713273994498333
1278,0.008633237655700768
1279,0.008533259510394122
1280,0.008229821135084761
1281,0.008517539910025011
1282,0.008327860128671184
1283,0.008684943864216744
1284,0.008791513642359335
1285,0.008398788969300814
1286,0.008473658085784923
1287,0.008342526359799303
1288,0.008560605820710375
1289,0.008418915714374033
1290,0.00856443522182309
1291,0.008368935120307792
1292,0.008227850267095334
1293,0.008556694100153143
1294,0.008192553666372926
1295,0.008501448613291576
1296,0.008434592391032789
1297,0.008022967595764893
1298,0.008312774463004227
1299,0.008493844695957535
1300,0.00845309704052821
1301,0.008545520825911377
1302,0.008306048108043812
1303,0.008378315172394958
1304,0.008736112336549213
1305,0.00821881061340919
1306,0.008725652976308838
1307,0.008407341241362994
1308,0.008566594662902466
1309,0.008591849984348579
1310,0.00836301903177242
1311,0.008359651665313769
1312,0.00846638124420355
1313,0.008383040271020667
1314,0.0082334749069128
1315,0.008469262878584155
1316,0.008289537080800382
1317,0.008340913991806871
1318,0.008627247231049557
1319,0.00841783878977521
1320,0.008369389029567019
1321,0.008195882540796015
1322,0.008407892300194855
1323,0.008242943596442119
1324,0.00828264134351985
1325,0.008519738170681364
1326,0.008455079179099304
1327,0.008156963608275026
1328,0.0083929396084494
1329,0.00846952463547557
1330,0.008417019237748395
1331,0.008227025659881154
1332,0.008401962372048174
1333,0.008040316785701503
1334,0.00835985541580466
1335,0.008077894783405176
1336,0.008323782498522078
1337,0.008631038207213506
1338,0.0082129533126382
1339,0.008210183969714631
1340,0.008389996644898744
1341,0.008472264693039706
1342,0.008367282847510808
1343,0.008611101104672683
1344,0.008394651971283858
1345,0.008572669687949248
1346,0.008297857126000069
1347,0.008234460680287773
1348,0.008367377589851364
1349,0.008188314739835717
1350,0.008482685328413874
1351,0.008516944968536243
1352,0.00822623452503171
1353,105.02469218616626
1354,0.007335673922957
1355,0.007448172717655109
1356,0.008077279542241309
1357,0.008304587616664121
1358,0.008469415205073053
1359,0.008099438709412085
1360,0.008329446324920756
1361,0.008137428509545023
1362,0.008190407899161012
1363,0.00841385490355729
1364,0.008286472942711691
1365,0.008354883494992124
1366,0.00828493267329315
1367,0.008408668766713749
1368,0.008349631928791434
1369,0.007878324044552647
1370,0.008366013312775452
1371,0.008876726840291236
1372,0.00843631120209219
1373,0.008379002938331184
1374,0.008540919188694176
1375,0.008321391931592913
1376,0.008554681808040556
1377,0.008150282682914097
1378,0.00832776612428538
1379,0.00826278093697156
1380,0.008242903833703722
1381,0.008120362678448022
1382,0.008161081900914847
1383,0.008340735797438834
1384,0.0079255279161478
1385,0.00845549147481383
1386,0.008379563215678022
1387,0.008388601961719283
1388,0.008448591550527993
1389,0.008206483146365164
1390,0.008466472726915095
1391,0.008256314527559079
1392,0.007950880825203859
1393,0.008038404448968122
1394,0.008433886298562511
1395,0.007864415815289495
1396,0.008185516174693229
1397,0.008083941178175352
1398,0.008231277909066718
1399,0.00799185871462322
1400,0.008341691121301157
1401,0.008253065600864968
1402,0.008194956971900695
1403,0.00814992888688536
1404,0.008318041447329066
1405,0.007829037321321035
1406,0.008006429552274236
1407,0.008156219785401628
1408,0.008538553159747083
1409,0.008235324655612141
1410,0.008147443613132178
1411,0.008272437860210568
1412,0.0083665850935346
1413,0.007973391006274496
1414,0.008310434179601528
1415,0.008552725774125528
1416,0.00792156997673466
1417,0.008539701188456709
1418,0.008433777333821281
1419,0.008018427591581466
1420,0.008128628237330812
1421,0.00803216690813207
1422,0.008339652882383789
1423,0.00827425810255868
1424,0.008025804104409734
1425,0.008161360614980429
1426,0.00828526189976956
1427,0.008305150127606624
1428,0.007962015934951477
1429,0.008267661300093189
1430,0.008022985263269836
1431,0.008185480847575907
1432,0.00822839442387981
1433,0.007869517738473112
1434,0.008168821191509901
1435,0.007890943283909711
1436,0.00822219661815818
1437,0.00803888310141609
1438,0.007990596314765891
1439,0.00840774450009152
1440,0.007929050860831798
1441,0.008135096829037293
1442,0.008090546911077226
1443,0.008244982829822575
1444,0.008120874140285334
1445,0.00820410941427542
1446,0.00806824951748348
1447,0.008004039419436101
1448,0.008322293005915265
1449,0.008160351534863398
1450,0.008069904315901004
1451,0.008126111598527533
1452,0.008112661591809938
1453,0.008419600986259974
1454,0.008406412543065973
1455,0.00793418990669109
1456,0.007830932858731534
1457,0.008143194730125241
1458,0.008009144799562834
1459,0.007993418881196087
1460,0.008029221943816391
1461,0.00816414787007843
1462,0.00832442813789693
1463,0.00810398111688131
1464,0.007981468106509518
1465,0.008027978549253637
1466,0.007985003142601858
1467,0.008295534983656164
1468,0.008286826999195047
1469,0.00796361925017278
1470,0.008120587332395174
1471,0.008226027566213476
1472,0.008100973986783775
1473,0.008096272362617113
1474,0.008097607563486544
1475,0.008024767277983286
1476,0.008454141167576536
1477,0.008111330656871453
1478,0.007959738259314227
1479,0.008077429737737877
1480,0.008265091272039433
1481,0.00797080457352607
1482,0.007913996852239815
1483,0.008223976320350322
1484,0.00828815640297608
1485,0.007791758822750742
1486,0.008186959799663242
1487,0.007800466925600323
1488,0.007903647676141838
1489,0.010066660811682627
1490,0.007502392917019078
1491,0.00796081683740525
1492,0.007837200608357029
1493,0.00785392943485561
1494,0.007972281382782227
1495,0.00818275358977775
1496,0.00795801883263482
1497,0.007999739885898464
1498,0.008127495946394185
1499,0.008025094495802108
1500,0.007708665030866356
1501,0.008104364821782051
1502,0.00801624103954409
1503,0.008155541960150003
1504,0.008118570869062411
1505,0.008184033371034568
1506,0.007951384654931597
1507,0.007764455270400997
1508,0.008185756787405176
1509,0.007770172190078992
1510,0.007918909780081298
1511,0.008090264728229683
1512,0.008277186429349043
1513,0.00797150664078861
1514,0.007961824792831883
1515,0.007854137301318726
1516,0.007896473329372199
1517,0.007943909856001451
1518,0.00801577570974448
1519,0.00785516602602803
1520,0.007728232394398774
1521,0.007904396021454516
1522,0.008120657371009811
1523,0.02735232964742108
1524,0.007815465481036295
1525,0.007607644013429092
1526,0.00777157398445879
1527,0.008085285159522447
1528,0.007890011345715089
1529,0.008003195574096704
1530,0.00806412810333452
1531,0.008072979673269694
1532,0.007965594178886485
1533,0.007911296158839586
1534,0.008071683789208785
1535,0.008050474685506296
1536,0.0076823464073872165
1537,0.008092186575502916
1538,0.007480014900882113
1539,0.008299855594286474
1540,0.007855562540560456
1541,0.008135012623269931
1542,0.00835272469715673
1543,0.007793768399821247
1544,0.007918104300496437
1545,0.007939510907725258
1546,0.0076232373446099835
1547,0.007698452944662106
1548,0.007622060409384006
1549,0.007792292817858822
1550,0.007788134876922783
1551,0.00799259294408484
1552,0.007877764157887738
1553,0.00773078600591901
1554,0.007761812804393091
1555,0.008117495909712072
1556,0.007628877134204416
1557,0.008022203638960244
1558,0.007846734170817722
1559,0.007655783860265451
1560,0.007612738683346217
1561,0.007890705512520873
1562,0.00798928419570044
1563,0.007851057050560238
1564,0.007671086291261649
1565,0.007992894542640296
1566,0.007777403673093955
1567,0.007868377957493067
1568,0.007784396042984168
1569,0.008004088661144092
1570,0.007631509355664001
1571,0.007789508901315473
1572,0.007690289136716875
1573,0.00783318396010515
1574,0.007668091102613736
1575,0.007707257001360847
1576,0.007901645162916285
1577,0.007627672456615305
1578,0.00801048155132113
1579,0.008185221466346312
1580,0.007668568519875407
1581,0.007727120584666224
1582,0.007876940568814338
1583,0.007883016501506001
1584,0.0077275023045870715
1585,0.007713063517427545
1586,0.007558912492625542
1587,0.00781950932706438
1588,0.007665987446178067
1589,0.007872816044995087
1590,0.007841331035814296
1591,0.007711835095059063
1592,0.007748468234440533
1593,0.008061538399118235
1594,0.007903046748143131
1595,0.007756243613785354
1596,0.007936901089309131
1597,0.007687050955748911
1598,0.007405547117340868
1599,0.007849211623039792
1600,0.0076807742362242125
1601,0.007472708051771683
1602,0.007756114195464021
1603,0.007609564388739103
1604,0.007602430556474601
1605,0.007424823604366284
1606,0.007640589888886375
1607,0.00732153238555006
1608,0.00766629052853559
1609,0.007503238100148106
1610,0.007995327030924164
1611,0.007797772431809266
1612,0.007776197831351626
1613,0.007682027753000542
1614,0.00765511101522183
1615,0.007466489263668151
1616,0.007640872987271365
1617,0.007839365680780957
1618,0.00773788893484842
1619,0.007454602205652302
1620,0.007714270657496684
1621,0.007725949509669159
1622,0.007783480687066913
1623,0.007589799458539839
1624,0.0076190492580250156
1625,0.007840912516812905
1626,0.007744758610881992
1627,0.007522963366266024
1628,0.007679102480632521
1629,0.007447082127081388
1630,0.007726639098787712
1631,0.007434176841466609
1632,0.007557375147402034
1633,0.007533570873882558
1634,0.0076437956393080745
1635,0.007593632951947087
1636,0.007314450320614092
1637,0.007653816859632478
1638,0.007597108142671443
1639,0.007834486296337288
1640,0.007952100328974804
1641,0.007533797978470891
1642,0.007778830482955959
1643,0.007573108074365784
1644,0.007572184557537154
1645,0.007432524746252319
1646,0.007602590088874607
1647,0.007666897975792319
1648,0.007699646580553913
1649,0.007644622215717021
1650,0.0076393503893040495
1651,0.007360497730294779
1652,0.007531827619551855
1653,0.0076899433398019456
1654,0.00732600219721385
1655,0.007416723714352159
1656,0.007659059870293585
1657,0.007397891594475861
1658,0.007610450431672951
1659,0.007406131032917459
1660,0.007815099743557936
1661,0.007426374477444817
1662,0.007677977048334176
1663,0.007536031364984179
1664,0.0073740324794741
1665,0.0075963753930656085
1666,0.0074417769387995795
1667,0.0077330342107215675
1668,0.007397033688533357
1669,0.007425800119763461
1670,0.007592355224730099
1671,0.007494188040116076
1672,0.0074608959849545
1673,0.0077626751735806465
1674,0.007617101460000721
1675,0.007408580758561522
1676,0.00754670554109044
1677,0.007691853727071972
1678,0.007428013486787677
1679,0.007463975683233495
1680,0.007740046371216491
1681,0.0072458252366000815
1682,0.007346665245970174
1683,0.00773238217836972
1684,0.0074749242246024685
1685,0.007475210381356083
1686,0.007482784366140426
1687,0.007513494909567348
1688,0.007354746990979223
1689,0.007421470740494334
1690,0.007246780146102784
1691,0.007306034645160376
1692,0.007850027536594514
1693,0.007265818889363338
1694,0.00743170522579576
1695,0.007518134778365493
1696,0.00736095982019679
1697,0.007460833424544435
1698,0.0076017540453349125
1699,0.007153283946721231
1700,0.007358254410989456
1701,0.007429604087088068
1702,0.007594251381706888
1703,0.00743060381057025
1704,0.007440062559414971
1705,0.0074123200581614245
1706,0.0072809452826346635
1707,0.007552190537769663
1708,0.007306751439947698
1709,0.007070330942396895
1710,0.007712182987449786
1711,0.007587878317651102
1712,0.007372959351198653
1713,0.007515666390753398
1714,0.007278908821517381
1715,0.0074335840309701735
1716,0.0070858381775413025
1717,0.0073042674763601715
1718,0.0075073584409083354
1719,0.007502791306035498
1720,0.0074537367149556085
1721,0.007216310136462167
1722,0.0073678202935005144
1723,0.007276871154810917
1724,0.007190298214081233
1725,0.007326245809100189
1726,0.0074406047548972445
1727,0.0071457632012286425
1728,0.007311336739557021
1729,0.007433975904674853
1730,0.007218393189359015
1731,0.00738867594844709
1732,0.007441652859797922
1733,0.007207664455902778
1734,0.0074527271297144685
1735,0.007260517142239516
1736,0.007333255242714185
1737,0.007209059111458265
1738,0.007160156310172909
1739,0.007326571266877197
1740,0.007168031198967059
1741,0.007471467640598194
1742,0.007248582764355056
1743,0.007309289094676279
1744,0.007152599945538125
1745,0.007287274544932327
1746,0.007414803240385096
1747,0.007346563972532749
1748,0.007193977040854298
1749,0.00746183661680858
1750,0.007534646291001621
1751,0.007243266782991715
1752,0.007085472858368845
1753,0.007194129773810253
1754,0.007419084613132528
1755,0.007216627247852541
1756,0.007187543050149235
1757,0.007541617382538773
1758,0.007130182044328017
1759,0.00724889001004019
1760,0.00711556151509285
1761,0.00718882348451574
1762,0.007491659696640099
1763,0.007490730994396796
1764,0.007168216985981848
1765,0.7371628099886732
1766,0.006437805686461724
1767,0.0068708906281676335
1768,0.007051602554491768
1769,0.007300839526578784
1770,0.0072567111110093735
1771,0.006982948177225761
1772,0.007403775883870104
1773,0.0073460850359524715
1774,0.006947567461500481
1775,0.007141000535970522
1776,0.007461747300605905
1777,0.007112461221167597
1778,0.007054850545917022
1779,0.007443687464189479
1780,0.007151867030188441
1781,0.0070646923248482455
1782,0.007169363751881204
1783,0.0070739229430712884
1784,0.007183006550264308
1785,0.007131071733626522
1786,0.006992046863345777
1787,0.0071880928343319795
1788,0.007095423081132062
1789,0.007285728509995645
1790,0.007031804254531103
1791,0.006931563196072387
1792,0.006831271232547775
1793,0.007004625941389951
1794,0.007027602734801881
1795,0.0068323035779709025
1796,0.006971951704314452
1797,0.007046823456915
1798,0.006607379641983721
1799,0.0073678823843030105
1800,0.006886501721564239
1801,0.007056835948063408
1802,0.007204560586645947
1803,0.006880862010895448
1804,0.006929116994458235
1805,0.007083010259952585
1806,0.007287608889736614
1807,0.007215325985009135
1808,0.006912563714372404
1809,0.0068246365359084585
1810,0.007174625337692135
1811,0.006887730647083688
1812,0.006831574804244279
1813,0.007239303295105948
1814,0.0068276839220296525
1815,0.006932579249269881
1816,0.0069620058836289125
1817,0.007076101653846138
1818,0.0069359334193612055
1819,0.006729106363540484
1820,0.006858454701506486
1821,0.007060854971977108
1822,0.0070070292548102845
1823,0.006984153344153853
1824,0.006867725583645752
1825,0.006940768706075595
1826,0.006916911941084822
1827,0.006930835355641478
1828,0.006866627581954255
1829,0.006764713584019219
1830,0.007267439856304456
1831,0.0068942758657227635
1832,0.006859477289747131
1833,0.006826093124415157
1834,0.006987916787107617
1835,0.006628124745783664
1836,0.006968004356722458
1837,0.00712175410777583
1838,0.0069151467335868185
1839,0.006781951076414247
1840,0.007193070508823809
1841,0.006730101840823131
1842,0.006765787651509804
1843,0.006977535871062744
1844,0.006902876961187033
1845,0.007001051750286656
1846,0.006742819902976438
1847,0.007073914687449144
1848,0.0067797875114700805
1849,0.006804445336209768
1850,0.006760604932146557
1851,0.006865508262446876
1852,0.006753231430331529
1853,0.006881721041528351
1854,0.00697566209345172
1855,0.006709055690947226
1856,0.006668301464958211
1857,0.006939030662810398
1858,0.006734040696016055
1859,0.006775902000145387
1860,0.006758568662423956
1861,0.006795902452352694
1862,0.006738606116229321
1863,0.006762462561571245
1864,0.00684929926390365
1865,0.006825149086919629
1866,0.0067810101347770225
1867,0.006779764763126939
1868,0.006609067893034573
1869,0.006746453572443481
1870,0.0067741632603614006
1871,0.007155155676211846
1872,0.006819941608582513
1873,0.006758131578138446
1874,0.006939012300759806
1875,0.0067305436113186306
1876,0.0067525845597166635
1877,0.006814029955668217
1878,0.006402512021773195
1879,0.006689896424285183
1880,0.006686065914267201
1881,0.006766320936287106
1882,0.006764224205576515
1883,0.006621090387451952
1884,0.006730796595624948
1885,0.006588325496384148
1886,0.006680157209225631
1887,0.006540516044123698
1888,0.00664470650618738
1889,0.006938854220591612
1890,0.006517750514923769
1891,0.006766565755735767
1892,0.0064326481009691445
1893,0.006505790308622991
1894,0.006592230228075789
1895,0.006833250993483905
1896,0.006427193186798338
1897,0.006740431549911529
1898,0.006610801321122859
1899,0.0067290033340075255
1900,0.0064380442944623655
1901,0.006317355036656609
1902,0.00636410466947798
1903,0.006580459534080099
1904,0.006600498377692775
1905,0.0064445485960755305
1906,0.006657925197633647
1907,0.006708862283661709
1908,0.006477137133715895
1909,0.00671905554215408
1910,0.0066931298420906575
1911,0.00654567036012156
1912,0.00681284466221676
1913,0.006517777756109076
1914,0.006523115007932913
1915,0.0065667114883534985
1916,0.006395578258118387
1917,0.006609258458996981
1918,0.006620051982512666
1919,0.006502934605262037
1920,0.0065285524282351895
1921,0.006326039426297076
1922,0.006436204111550824
1923,0.006557172653659926
1924,0.006334521977420328
1925,0.006368149632303897
1926,0.00642494479257424
1927,0.006374922229797911
1928,0.006409073877937587
1929,0.0066301466234154624
1930,0.006588196879158081
1931,0.006154657128440626
1932,0.006576291853719849
1933,0.006530909645134362
1934,0.0065078881600776975
1935,0.006313910096157658
1936,0.0065116633550595425
1937,0.006467247742891185
1938,0.0065137048851761775
1939,0.006432370251139342
1940,0.0063517015028776505
1941,0.006318908547824722
1942,0.006348150139043139
1943,0.006234782438141183
1944,0.006273236729488787
1945,0.006367178237207739
1946,0.006345844320495123
1947,0.006231217384654082
1948,0.006264811697400222
1949,0.00620997954215223
1950,0.0061621533793602455
1951,0.006161442977549918
1952,0.006359419004076113
1953,0.006311893370397136
1954,0.006090872830285107
1955,0.006313356444618459
1956,0.006453426270666769
1957,0.00610484067405874
1958,0.006141864075088653
1959,0.006413766699922034
1960,0.006022354370867044
1961,0.006098418964183558
1962,0.006275811410209132
1963,0.005920851336776326
1964,0.00607426015076117
1965,0.00599415451130372
1966,0.006036467424009816
1967,0.006469014061267598
1968,0.006141110283906682
1969,0.006017590320463908
1970,0.006092813694691759
1971,0.006124988750759828
1972,0.005905910308267605
1973,0.005966110091845868
1974,0.00602390735915278
1975,0.006005354351916556
1976,0.005927764293658784
1977,0.0061014340085498355
1978,0.00610604604816664
1979,0.005885005267573741
1980,0.0061599585697275855
1981,0.005973565542154898
1982,0.005989712219038126
1983,0.006057131100224994
1984,0.005981767530379407
1985,0.005839447175168385
1986,0.005682969819044031
1987,0.005793454942403961
1988,0.005711197766270173
1989,0.005648576589380154
1990,0.005888539394048058
1991,0.005763393962929435
1992,0.005700455647025068
1993,0.00574682368817976
1994,0.005949027343037523
1995,0.005664814666103003
1996,0.005893758880921592
1997,0.005555382095103673
1998,0.005806455660958664
1999,0.005669817616531657
2000,0.00552414884885489
