1,0.5234903540399115
2,0.1867422230415425
3,0.1438489499486099
4,0.11920429778806234
5,0.09532416378289967
6,0.08910152243481854
7,0.07800102798994314
8,0.07341215295432987
9,0.07038261495151762
10,0.06342505234277855
11,0.06278913013510785
12,0.059334313923145754
13,0.05612597046262127
14,0.05473590765337823
15,0.053733124760753016
16,0.05160833510049319
17,0.050813664934771546
18,0.0469715515530463
19,0.045739754371471326
20,0.04391168716158402
21,0.04465092513394558
22,0.0407137230543767
23,0.04200997033109099
24,0.03921052377860425
25,0.039468974569591427
26,0.03810726590770281
27,0.037692654009719016
28,0.03665936853484077
29,0.036723989803912276
30,0.03680564886180021
31,0.03458038824847189
32,0.03389232378389876
33,0.03254187358069723
34,0.033757544059495805
35,0.03237381269681757
36,0.03202906724507526
37,0.03161508700478885
38,0.03123567646400908
39,0.029507809208106188
40,0.030896102220325145
41,0.029549705448670912
42,0.0298744865330094
43,0.02801030555392726
44,0.027840777031951033
45,0.028307446239168865
46,0.027710462320532838
47,0.027568077715903014
48,0.026410980307954853
49,0.027176919937828333
50,0.026650971054273137
51,0.026773994599105948
52,0.02564483114628721
53,0.025496138125594894
54,0.024997301139253175
55,0.025967439384026042
56,0.025229856182458037
57,0.024730029492244378
58,0.02460065634794912
59,0.024314142061176443
60,0.023748696907975916
61,0.02447077166289091
62,0.024129051083730438
63,0.023516990283851402
64,0.023656520005946948
65,0.02366190413170952
66,0.023554369980879758
67,0.023960119531631976
68,0.022900369049886526
69,0.02241454477879708
70,0.02317257163162201
71,0.02188987454588888
72,0.021985972323849544
73,0.02165819560887955
74,0.022328376154399525
75,0.021315487598905624
76,0.02225991118288899
77,0.020922703676367716
78,0.021295825556173164
79,0.02142368087355616
80,0.021522556029070737
81,0.021406347634491778
82,0.021606841258767804
83,0.021919443461475736
84,0.020390497086474956
85,0.019935385284598095
86,0.02071510005931733
87,0.02069819263987622
88,0.02056705049570587
89,0.01999446625773937
90,0.020158121251832632
91,0.019843029710700958
92,0.019235777305596967
93,0.020113905213015565
94,0.01976311119999421
95,0.019104725349757632
96,0.019201033298810153
97,0.019565055651937502
98,0.01934480814705208
99,0.018890374276976464
100,0.01891902636073656
101,0.018643246150686073
102,0.019260127121045932
103,0.01911309548511596
104,0.018626906640701376
105,0.019580651216714057
106,0.018948175218272006
107,0.01816290545956058
108,0.01834571361541748
109,0.0177999274663122
110,0.01814256957337513
111,0.018306800393166685
112,0.018838109543262902
113,0.018918389983285787
114,0.01849345256716518
115,0.018568633392579473
116,0.01801021446047698
117,0.018181928520296084
118,0.018067947012703804
119,0.018148110145545106
120,0.018131418485131303
121,0.017843282513194166
122,0.018137919124594684
123,0.017402282947579683
124,0.017704083023876962
125,0.017400015784837936
126,0.017588728573173285
127,0.017282462615709183
128,0.017333111275871425
129,0.01693597154975948
130,0.01737111637968633
131,0.016771110848097476
132,0.017056337305171004
133,0.01686501292653887
134,0.016902735377898662
135,0.016508342256232843
136,0.01713601409820682
137,0.016428058659184282
138,0.016792993140170128
139,0.01682902745492125
140,0.01685378971209718
141,0.016839226857774843
142,0.01685689754736752
143,0.015749745355066607
144,0.016465458478305047
145,0.016191932033368592
146,0.01650729212688945
147,0.016171362164225114
148,0.016633055760856656
149,0.01623690363524829
150,0.017022964110503257
151,0.016359846328653522
152,0.01615717352794136
153,0.016251158063947144
154,0.01708593886834964
155,0.01617618816731087
156,0.01650270799932591
157,0.01594432935087105
158,0.016262468234714816
159,0.015513552542207605
160,0.01588105376399422
161,0.016414900034097797
162,0.015878073350226476
163,0.015935737734376374
164,0.016082360657815962
165,0.015809095030555786
166,0.015588121772822688
167,0.015513673843026666
168,0.014807914320568917
169,0.01563478053657938
170,0.015110822725977939
171,0.015331716272758983
172,0.01552804623398993
173,0.01566330446088213
174,0.015216587908502858
175,0.014728994471794469
176,0.015692655450932808
177,0.014693302003729898
178,0.01517538612676879
179,0.015314965575965027
180,0.015055866781780022
181,0.015730045262282177
182,0.015223964472632792
183,0.015633082901269704
184,0.014624156807628224
185,0.014759840325341892
186,0.015230960181077658
187,0.014597324058571356
188,0.015044395898673998
189,0.014866230235892838
190,0.01476527300615937
191,0.01524320597586743
192,0.014923993565173726
193,0.014641731393413019
194,0.014919617138329452
195,0.014585780050858097
196,0.014873298551981984
197,0.015125566927747707
198,0.014872884101597435
199,0.014631964747746617
200,0.014616898947663732
201,0.014682135726246288
202,0.014646724916173744
203,0.014872990824850434
204,0.014387804415013831
205,0.014562409461902107
206,0.014660468806465298
207,0.014175954116981918
208,0.014466861191884442
209,0.014272155611128625
210,0.014492482365251092
211,0.014552006142813776
212,0.01429833568064338
213,0.013953396087607085
214,0.014373219785106889
215,0.014350655354496282
216,0.014583517836754099
217,0.014120456127260449
218,0.01408823761473394
219,0.014603972782270384
220,0.014341940890239963
221,0.013990329353580787
222,0.014024985622677762
223,0.014050705883241558
224,0.014684352518643364
225,0.013838897727556148
226,0.01420155742158324
227,0.014136007623904842
228,0.014118667802441929
229,0.014156219786254027
230,0.013508401077114424
231,0.014229162923707548
232,0.014063488893305599
233,0.014142912449473041
234,0.013831199730856943
235,0.013749351152771358
236,0.013822512582765293
237,0.013452337482565288
238,0.013608755141307237
239,0.013909177862549736
240,0.013341374434846438
241,0.013773488093925229
242,0.01347012029392487
243,0.014086199798068758
244,0.013662107750552438
245,0.013736983567823545
246,0.013900211775454424
247,0.013424914196070474
248,0.013472668589803121
249,0.012726480141282082
250,0.01324654393434777
251,0.013423908659714764
252,0.01333921420056436
253,0.013070426005238698
254,0.013187075313969942
255,0.013144267525650183
256,0.01343410228915765
257,0.012817554917754763
258,0.013055175061385005
259,0.012720328293961742
260,0.013139893363971832
261,0.013107307495991304
262,0.013209054767454074
263,0.012635641431404372
264,0.013002643539270355
265,0.012525079306215048
266,0.013090314588241152
267,0.013635070359144928
268,0.012791985077625615
269,0.013361946123225962
270,0.012965541419778334
271,0.01257792848036072
272,0.012882814324318858
273,0.012815632095749853
274,0.013090074164950746
275,0.012888219179901279
276,0.012812714546255894
277,0.013125319759977066
278,0.013270370879257887
279,0.013156606429019722
280,0.012737621608490155
281,0.013228176126130304
282,0.012772950328002542
283,0.012541724163723194
284,0.012899557148280033
285,0.012396924655442522
286,0.013106757948585486
287,0.012452919343959982
288,0.012723831601946031
289,0.012842702418881453
290,0.012353435052179937
291,0.012812263608547085
292,0.012810660048656292
293,0.012859824318754471
294,0.013031517719786804
295,0.012269737771159764
296,0.012569720229386525
297,0.012978879813799414
298,0.012812939405409713
299,0.012514953927721008
300,0.01242605043512027
301,0.012328694460092712
302,0.012713995454359358
303,0.01257830184600237
304,0.012158683662981553
305,0.01291142774635326
306,0.012370479297113874
307,0.0119555531764182
308,0.012886915750549002
309,0.012111790537423754
310,0.012877213283268324
311,0.012252872411193232
312,0.012810747604817152
313,0.012635596025482579
314,0.01274774789857536
315,0.012410628388367467
316,0.012022811272260497
317,0.011988417036294684
318,0.011711505545555787
319,0.012587835700487939
320,0.012295834226849474
321,0.012011407969235364
322,0.012395308759473896
323,0.012229667826539885
324,0.012394477676410796
325,0.012569693307850068
326,0.012650019410303083
327,0.011918717348095725
328,0.012283706161493466
329,0.012338413190001906
330,0.012226824332975735
331,0.011779628378354896
332,0.012413447991139808
333,0.012085140240773305
334,0.012613264760949601
335,0.011962631133274507
336,0.011868451453619084
337,0.012021917861617975
338,0.011743662377693137
339,0.011819301741355556
340,0.011850183083817868
341,0.012465104358112914
342,0.012379483698662055
343,0.012001876537767003
344,0.012079340721464764
345,0.012193664225702316
346,0.012172483456305276
347,0.012124991959939569
348,0.01143375976737273
349,0.012294103584836348
350,0.012093973795930713
351,0.012217799655430146
352,0.01236379504898342
353,0.011786754554832133
354,0.011760410106882958
355,0.011607357470508096
356,0.012153965267115983
357,0.012455252216244906
358,0.01228180979931001
359,0.011387647322963103
360,0.011925640835631954
361,0.011587593822850514
362,0.011807745133163565
363,0.011676059834564389
364,0.011778446900958226
365,0.011738359778172384
366,0.012114718836590143
367,0.01170895345730044
368,0.012222053739636883
369,0.011830614800801722
370,0.011723557451613626
371,0.011603802355732454
372,0.011988234631243651
373,0.011917528120201018
374,0.011756959225256311
375,0.011336192926707662
376,0.011940928590405037
377,0.011133846803173676
378,0.011598519104832814
379,0.011312356183179101
380,0.012019528845577674
381,0.01172868978090079
382,0.011568602233714724
383,0.011482409568566639
384,0.011829398146246449
385,0.011757474870152645
386,0.011900077479244289
387,0.01109547819942236
388,0.011601854664257776
389,0.31425930752213727
390,0.009750645960902133
391,0.011173754042582744
392,0.012132551517116568
393,0.011729591186710839
394,0.01149361977606254
395,0.011582919080757488
396,0.011563732387434881
397,0.011229998629413923
398,0.01125330200923954
399,0.011572359587555215
400,0.011648694274284072
401,0.011666344020957663
402,0.011716726180797412
403,0.010996559863689087
404,0.011754338866320707
405,0.011774735789651335
406,0.011221825894978592
407,0.011746620794884482
408,0.011371148635743785
409,0.011628616297364993
410,0.011446400115392724
411,0.012059541525698061
412,0.011508635485986784
413,0.011198571484567503
414,0.01129911791817364
415,0.011623499575623517
416,0.011193480524155548
417,0.011702507300207676
418,0.011110327786655497
419,0.011257064264362394
420,0.011265248450908368
421,0.01157504451555847
422,0.011467398282424626
423,0.01134105730344052
424,0.011203537284696505
425,0.011388743043703548
426,0.010949387392660572
427,0.011332239924093424
428,0.011051343434285057
429,0.01146870206299601
430,0.01115536179898654
431,0.011209612416292904
432,0.011059988432137643
433,0.010932457881932289
434,0.011169687611982226
435,0.01101745772806896
436,0.011034796519552246
437,0.010806055794769929
438,0.010624405316282379
439,0.010948589118986817
440,0.011149974843739705
441,0.011227337671128117
442,0.011009650671917755
443,0.010455508183656355
444,0.011050888128041968
445,0.011324082299972237
446,0.011117402977168055
447,0.01084891368903346
448,0.011071253978347375
449,0.010979283009103294
450,0.011110477871656164
451,0.010969243024207525
452,0.011011939286648974
453,0.010827468060967276
454,0.0110573901447578
455,0.010573146774007355
456,0.010940719644491703
457,0.011161846566503332
458,0.010886644297358344
459,0.010697697182738428
460,0.011111917068897668
461,0.01065983992243596
462,0.011208047312921134
463,0.011003689966717009
464,0.011066811052703504
465,0.010470362399878391
466,0.010962456835717973
467,0.010903529400574201
468,0.011147123686495727
469,0.010882189449996261
470,0.01094871464232772
471,0.011065045853098065
472,0.011193866995400039
473,0.010857578631395758
474,0.01095632394633682
475,0.010824782031951315
476,0.010799723878597556
477,0.010475514010699877
478,0.01120118732895639
479,0.010850768966474017
480,0.010946264230030573
481,0.010956156387199031
482,0.010844142511644858
483,0.010428361085606581
484,0.010655865886138153
485,0.010740478645410325
486,0.010856530285771873
487,0.010755498644943207
488,0.01101647721508802
489,0.010510890338159466
490,0.010414296177105379
491,0.010752730193879392
492,0.010793137514048208
493,0.010668356429343507
494,0.010772316807375873
495,0.010457387995132702
496,0.010572635821240434
497,0.01052719108776142
498,0.010350743584903115
499,0.010222852632592795
500,0.010817896061718969
501,0.010682802627620808
502,0.010905690471468082
503,0.010657787575560101
504,0.010565875208605144
505,0.01110509661878696
506,0.010629441411534355
507,0.011038292380902221
508,0.010881190776225116
509,0.010495741772702185
510,0.010621638009640373
511,0.010632092697482746
512,0.0100876851701888
513,0.01079403699012631
514,0.01050272356655638
515,0.010263334778216431
516,0.010342230191612142
517,0.010140451432947638
518,0.010357357956216498
519,0.010333389308208884
520,0.010809801933276703
521,0.010708030127778144
522,0.010865571592950214
523,0.010767258561642493
524,0.010396561979994936
525,0.010506088596816033
526,0.010447533943264161
527,0.010486852973541719
528,0.010742250064356347
529,0.010662685381248593
530,0.010140030281776088
531,0.01032720715738833
532,0.010644834117679778
533,0.01028472238409696
534,0.010363591100894293
535,0.010528352198396193
536,0.010425033600274788
537,0.010515296152966508
538,0.010738608336581265
539,0.010357172295482735
540,0.010166198978105844
541,0.010618070606142282
542,0.010412879075097331
543,0.010270513980886188
544,0.010001613541458875
545,0.010644857913760816
546,0.010924956907313002
547,0.010291640319214281
548,0.010304394454332226
549,0.010292441576277301
550,0.010538654397952102
551,0.010870918611822239
552,0.010406037879381644
553,0.010578767337315416
554,0.010649560374539282
555,0.010517474354670967
556,0.010447805060736708
557,0.010440654551484069
558,0.010401979479465192
559,0.010272076558637417
560,0.009944229883978428
561,0.010220096939858996
562,0.009932328560152802
563,0.010163998183936386
564,0.009950059560774747
565,0.010485184465740191
566,0.01029666188425558
567,0.00985854729946892
568,0.01039334128894922
569,0.010373408156368186
570,0.010389169141397639
571,0.010121494642127369
572,0.01019221820900122
573,0.010530105109279186
574,0.010229681685598473
575,0.010266749468489976
576,0.010046277775318694
577,0.01018381683487382
578,0.00992037471131248
579,0.010088097623754608
580,0.010015149133169424
581,0.010468644970017722
582,0.010258733168623205
583,0.010256088824185022
584,0.010088434932216749
585,0.010161440535369565
586,0.010007584783232819
587,0.010412178527153397
588,0.01018660606311287
589,0.01029903071111668
590,0.010182914813443765
591,0.010009195288580101
592,0.009882701335916831
593,0.009808720263131595
594,0.010436359883712257
595,0.010141071405703738
596,0.010113433378322398
597,0.01018306828040819
598,0.010084948889216629
599,0.010156972081226817
600,0.009851694991022853
601,0.009932996586785984
602,0.009895179278643454
603,0.010361073988537162
604,0.010356668927470001
605,0.00993097000913221
606,0.01016720618373888
607,0.010367912031173453
608,0.00993974281127675
609,0.010096854806514614
610,0.010193965153105684
611,0.009927909730507408
612,0.010335310583271213
613,0.009948745365964911
614,0.010003455006912097
615,0.01012275392442184
616,0.010238789799386415
617,0.009792297210354926
618,0.010019069683532847
619,0.009839709019446271
620,0.009781009979325078
621,0.009701856948687868
622,0.009747710284161366
623,0.00984341609370658
624,0.010121283618638576
625,0.01024432464155479
626,0.009813950582549481
627,0.010199156301727488
628,0.010174964025806067
629,0.00996078604879647
630,0.010213840571311066
631,0.009867993479405167
632,0.01009422793226727
633,0.009808632012425085
634,0.010224062629770173
635,0.010393616285617068
636,0.009950626021945628
637,0.009497224775506026
638,0.009721400658205405
639,0.00979556996075405
640,0.009883820529143184
641,0.009820170132285458
642,0.009947681325977132
643,0.00990006078618689
644,0.009741914513820813
645,0.009715143579326697
646,0.009951562616753123
647,0.01003917342572773
648,0.010212686753405606
649,0.009743376867845654
650,0.009983237446049007
651,0.009943455607646097
652,0.009643696276155316
653,0.00994195505361057
654,0.010082225899322558
655,0.009478568695327741
656,0.009494765357793136
657,0.010107483150500614
658,0.010099129921014784
659,0.010008160833869193
660,0.009899319149553776
661,0.009365001353987698
662,0.010374041806938033
663,0.009767439962222667
664,0.009779331400611643
665,0.010118877969019242
666,0.009905325540862346
667,0.00941829339174901
668,0.00970214202810647
669,0.009920454410425687
670,0.009639172964745153
671,0.010112498298887227
672,0.009871306766013978
673,0.0095142408873949
674,0.009870874924364231
675,0.009877440649858219
676,0.009652346029277828
677,0.010540979957776302
678,0.009899816057502718
679,0.009765991645123241
680,0.01015376195043199
681,0.00962023704975717
682,0.009763181106960875
683,0.010022436477780595
684,0.00966711507289339
685,0.009633829241018679
686,0.009391600183227052
687,0.009388802474427778
688,0.009570322607217704
689,0.009989391597998092
690,0.009573395182457516
691,0.009573663991355038
692,0.009609166864242595
693,0.009568489578915602
694,0.00912845350596738
695,0.009344827360078946
696,0.009591650158577299
697,0.009790234674178696
698,0.009796404263983339
699,0.009453554061572935
700,0.00972020644615641
701,0.009429995013969177
702,0.009411994075813031
703,0.009738212859778965
704,0.009460236869310424
705,0.009590538427770391
706,0.009746301757424311
707,0.009347315684308187
708,0.009135990265472713
709,0.009428579518097942
710,0.009202387586425421
711,0.009589695778154468
712,0.009335629136885628
713,0.009518187816680993
714,5.385004503597205
715,10.021985204882478
716,0.00786756550088146
717,0.008752906470070198
718,0.009868810782051188
719,0.008987043802705357
720,0.009993953365927278
721,0.009950081884892563
722,0.009572746926697634
723,0.009221712218092407
724,0.009271899798600856
725,0.009592581749499098
726,0.00928352694658531
727,0.009554190202063675
728,0.009472266581477755
729,0.009347922938197093
730,0.009459364539706859
731,0.009395985382656425
732,0.009778265233577813
733,0.00909501982663395
734,0.00967920259020086
735,0.009624128920515463
736,0.009427278795895182
737,0.00942498062721501
738,0.009123805922187738
739,0.009435935162986487
740,0.009351072781640341
741,0.009750349147213717
742,0.009499049666574446
743,0.009802783243515986
744,0.009077300877957526
745,0.009305795484964373
746,0.009294332048492664
747,0.009580904278525357
748,0.009057292758124107
749,0.009296802164576316
750,0.009243554056827294
751,0.009659515121572856
752,0.009519446408376098
753,0.009571221420320413
754,51.74545532499708
755,0.008601315800984532
756,0.008176868264484456
757,0.009038112564328111
758,0.009556978088566813
759,0.00907519138891692
760,0.009400579368032642
761,0.00905798556346257
762,0.009291292069542963
763,0.00901774580243154
764,0.009788818523224633
765,0.009109268335909661
766,0.009542476448972347
767,0.009516782859356095
768,0.009051337123895853
769,0.00943283966379398
770,0.009654693881649587
771,0.009810158288327315
772,0.009168535703793168
773,0.009483042319100035
774,0.009714152877045384
775,0.009471554530121513
776,0.009198949810401615
777,0.008855402670895397
778,0.009471132159548796
779,0.009329858583287668
780,0.009210384143042868
781,0.009850451000571504
782,0.009258877730660014
783,0.009180723200157538
784,0.009017519938948927
785,0.009078457580595199
786,0.009459966300371088
787,0.009120831986242053
788,0.009492703973931276
789,0.009199155182814446
790,0.009127104473379204
791,0.009827384310853431
792,0.008856546727672093
793,0.009295837006579011
794,0.009338677738461707
795,0.00923121762777663
796,0.009007764609246436
797,0.009094036756462212
798,0.008873697682047042
799,0.009231674283648194
800,0.009021250523184822
801,0.009358945255309848
802,0.009052162524312735
803,0.009160497612556663
804,0.009286231073250963
805,0.008680378639344441
806,0.009114503698676066
807,0.009204035190770687
808,0.00920395927614201
809,0.009164320080051734
810,0.0087767481859142
811,0.0091455801887343
812,0.009418514486149712
813,0.009215840339755355
814,0.009368061068294159
815,0.009058484752362563
816,0.008910375868238635
817,0.00917127857900272
818,0.009323285253308082
819,0.009138188881294454
820,0.008845191425249234
821,0.008798336992987384
822,0.009296631586532725
823,0.009527190888332109
824,0.009234121169942289
825,0.009152445859291543
826,0.00914453339794556
827,0.009258627611354498
828,0.00906035776439486
829,0.009490395284463035
830,0.009261660344930272
831,0.008996037892618422
832,0.009168190439626321
833,0.009116882308370482
834,0.009113580442302056
835,0.00897600316300483
836,0.009435402363601882
837,0.009253991720408706
838,0.009195532681325735
839,0.008897146024599166
840,0.008955056202929404
841,0.009071812759769165
842,0.009194722774012362
843,0.008916551783933477
844,0.008939558056072664
845,0.008976467525965329
846,0.00884694592648391
847,0.00916978766178807
848,0.009179979389122987
849,0.008882596189061464
850,0.008753647072777405
851,0.009273085818168218
852,0.009045821748737056
853,0.008772220288924241
854,0.00905461584896607
855,0.008864274197179129
856,0.009020597437175653
857,0.009263217382101436
858,0.009119977645765422
859,0.009237550739672477
860,0.008823589050858203
861,0.009261172616033483
862,0.009127752602858058
863,0.009092339054065741
864,0.008846692192383994
865,0.00902314977010049
866,0.008751099483283648
867,0.008995691369587586
868,0.008306739559807515
869,0.008794054416623913
870,0.008758188118779306
871,0.00921758129734988
872,0.00891929057474106
873,0.00888559381256543
874,0.00875520953214017
875,0.008812665225053995
876,0.009065182224484318
877,0.008927436817784682
878,0.008705440312781828
879,0.009139244748532014
880,0.009337574685529128
881,0.008777735774578937
882,0.009236042967886996
883,0.009094482047041342
884,0.008713943737764226
885,0.008538264023550486
886,0.00898868341977566
887,0.008666326372757932
888,0.009003499218941493
889,0.00911988746927325
890,0.00900840929362102
891,0.00906290231130512
892,0.009043374311936608
893,0.009083506627545014
894,0.009068284921695367
895,0.009136787513113124
896,0.008852962889882215
897,0.008840804327658172
898,0.008853374498943656
899,0.008906869529509696
900,0.008920198926007596
901,0.008713425444912607
902,0.008615706273812359
903,0.008844040736745475
904,0.0084365616094763
905,0.008889342719389095
906,0.009133552449708015
907,0.009293525310043814
908,0.008411714365169153
909,0.008856709423017198
910,0.00877004974695333
911,0.008536803437460024
912,0.009185332457645464
913,0.00865227703431274
914,0.008719701067370883
915,0.008519229112129848
916,0.009069672548922441
917,0.009045101548308286
918,0.008860512952304493
919,0.008679088074871796
920,0.008669124470265993
921,0.008826301204261639
922,0.008621400135364068
923,0.009029375740437436
924,0.009021501747449324
925,0.008894912788044598
926,0.010211120221479717
927,0.008110260835580401
928,0.009065920341033804
929,0.008644354841435107
930,0.008147553840683679
931,0.008513240368594811
932,0.008523887816532436
933,0.008551526869947122
934,0.009105170974350077
935,0.00858679528237652
936,0.008954474228923604
937,0.008596343355316479
938,0.008886233824542013
939,0.00839861842677376
940,0.008292926534599924
941,0.008850189363899625
942,0.00851544214538851
943,0.008416028207925669
944,0.008740796944347479
945,0.008658872771282064
946,0.00891381603176311
947,0.008500923858403023
948,0.008725205544871674
949,0.008723739822695063
950,0.008550703359799365
951,0.00853044178999834
952,0.008788025677519835
953,0.008901688116365823
954,0.008532355934128924
955,0.008446005749184702
956,0.00879505693407382
957,0.008697337206547796
958,0.0087257359034808
959,0.008539869736138163
960,0.008805044974058361
961,0.008847403292686252
962,0.008764745119043578
963,0.008570736658885697
964,0.008554307384795304
965,0.008821259836776781
966,0.008696458487913518
967,0.00823842172147864
968,0.008841460720651735
969,0.008526454407374486
970,0.008917844649088584
971,0.008542084375838354
972,0.008413244883324636
973,0.00869392255573707
974,0.00850300049267204
975,0.008372161714991524
976,0.00891852124704648
977,0.008576466161284154
978,0.008909278383510093
979,0.008576812060802417
980,0.008234654553234577
981,0.008656859508384082
982,0.008588309593151435
983,0.008872238812589292
984,0.008368621189620788
985,0.009006763094152182
986,0.008694646852406658
987,0.008123917674835203
988,0.008232252668368361
989,0.008714114442088847
990,0.008322323790861893
991,0.00877408742888878
992,0.008686886176908925
993,0.008416508395477371
994,0.00831424028581103
995,0.008655564555645747
996,0.008309401188961278
997,0.008337232978793524
998,0.008762829921255677
999,0.008482742458739775
1000,0.00827519399098168
1001,0.008757513584726947
1002,0.008446270011965249
1003,0.008313676334475563
1004,0.008578734977518097
1005,0.008479426315022727
1006,0.008533808252758394
1007,0.008189311006374784
1008,0.008388609925316553
1009,0.008441545503308712
1010,0.008641496859096244
1011,0.0085819163280776
1012,0.008740700374878311
1013,0.008459208990936563
1014,0.00811884748370592
1015,0.008262750029690185
1016,0.00878397388367961
1017,0.008556422213155586
1018,0.008575432416904023
1019,0.008465482758642253
1020,0.008783552132673183
1021,0.008315740161086037
1022,0.008659950437781921
1023,0.008247989194341382
1024,0.008506431634995645
1025,0.008407707290597638
1026,0.00820909158752884
1027,0.008438036236438459
1028,0.008700062224830864
1029,0.008424914872147521
1030,0.00830659601576942
1031,0.008496303097502786
1032,0.008512664996718957
1033,0.008757263128014312
1034,0.008101728073936902
1035,0.008466598550173439
1036,0.008260282593132075
1037,0.008287420618679311
1038,0.008596813949456408
1039,0.00831771926891248
1040,0.008376317005999133
1041,0.008560338803424926
1042,0.008181387321802519
1043,0.008491993206947789
1044,0.008080733845294532
1045,0.008161135554566221
1046,0.008745995259417568
1047,0.008433291112404253
1048,0.008565960234915048
1049,0.2330238796076027
1050,0.008003781894932232
1051,0.008127482339613518
1052,0.008275208221274918
1053,0.00857041954552218
1054,0.00828936784054642
1055,0.008058925540091754
1056,0.008543191106705848
1057,0.007915074463491724
1058,0.008436970744218867
1059,0.00850108068168037
1060,0.008337117139628883
1061,0.008408444886237888
1062,0.008728702169827234
1063,0.008259774473795698
1064,0.008766232393839854
1065,0.008328357401651219
1066,0.008685956788012537
1067,0.008258546327666963
1068,0.008437812825570167
1069,0.00834003635840017
1070,0.008411550945681284
1071,0.00828461650901048
1072,0.008300224701889743
1073,0.00843036351962236
1074,0.007976581551671282
1075,0.008183106590630644
1076,0.008473137152870581
1077,0.007988356432672275
1078,0.0079476917951794
1079,0.00832763835156368
1080,0.008198984117262949
1081,0.00803589957403177
1082,0.00828297917683751
1083,0.008119869377400916
1084,0.008234509164309603
1085,0.008173619783720222
1086,0.008406763560912115
1087,0.008613391992462388
1088,0.008307626893175608
1089,0.008443442216711276
1090,0.008108372504081009
1091,0.00825303818801639
1092,0.008337317445015504
1093,0.0081815631484013
1094,0.008129328007857173
1095,0.00806913784531466
1096,0.008210089712766773
1097,0.0080988008797295
1098,0.008221761536610833
1099,0.007957343781619506
1100,0.008600527175970502
1101,0.008246850451233528
1102,0.008205382421739021
1103,0.008206150640528334
1104,0.008079620334714398
1105,0.00799626884271659
1106,0.007887703115988713
1107,0.008190818857085906
1108,0.00815218958167075
1109,0.00816924038335239
1110,0.008126011729966534
1111,0.00802841285141027
1112,0.008012513413046629
1113,0.008152458311642631
1114,0.00836796416916837
1115,0.008070215136917719
1116,0.008228468213435577
1117,0.008126545068018643
1118,0.007859768105228827
1119,0.008168108122012878
1120,0.008138440146852853
1121,0.008361294198686541
1122,0.007866421542761817
1123,0.008021292621980152
1124,0.008526652372615823
1125,0.008037447558431807
1126,0.008237841266791448
1127,0.008409943163268646
1128,0.008188054896891117
1129,0.008053846116635507
1130,0.008150104303070801
1131,0.00810339372068391
1132,0.008152711349223756
1133,0.007923301960483698
1134,0.00832315788099195
1135,0.008050128434768926
1136,0.008103408475832666
1137,0.00841145348040608
1138,0.008391489229417579
1139,0.00787701511605627
1140,0.008166980357461814
1141,0.008230728483995644
1142,0.007993570102725998
1143,0.008169988209728972
1144,0.008196032799433097
1145,0.008163497854276733
1146,0.008244807141343668
1147,0.008010439629966424
1148,0.007985589686402325
1149,0.008109389484654797
1150,0.00811872246154284
1151,0.007896574040464425
1152,0.008489643140711774
1153,0.008016954629950352
1154,0.007886609196726043
1155,0.008216484576084856
1156,0.008027360529907174
1157,0.007922418869368859
1158,0.008251077420535987
1159,0.008017582672853338
1160,0.008260389057903599
1161,0.008171025497870426
1162,0.007866622244749787
1163,0.008064384339377284
1164,0.008098255274659497
1165,0.007797605247568276
1166,0.007963033187818729
1167,0.007869350392434556
1168,0.007713149128071332
1169,0.00803561229653404
1170,0.008235715313861936
1171,0.00788675760455682
1172,0.008237412428262375
1173,0.00825593457557261
1174,0.008045387919992208
1175,0.007760548311033112
1176,0.00779160989795701
1177,0.008099705854951704
1178,0.008080388877098844
1179,0.008171174584461724
1180,0.007915998781415618
1181,0.008106744650877634
1182,0.00803801530214437
1183,0.007909784207941365
1184,0.008157294543491582
1185,0.008074255050475694
1186,0.007963704848977722
1187,0.008080504530788226
1188,0.00791375771149109
1189,0.007858316370649106
1190,0.007920097251880472
1191,0.007951394406194657
1192,0.008087506403325725
1193,0.008078781394603647
1194,0.007647009605889098
1195,0.007882243637942661
1196,0.007959927538788672
1197,0.007966255571819464
1198,0.008119897810363416
1199,0.00794636070238963
1200,0.007785292940166921
1201,0.008049410168018382
1202,0.0077675568705456235
1203,0.008071421341718002
1204,0.007728954852100903
1205,0.00759809682051004
1206,0.008068682470011636
1207,0.008263365420812772
1208,0.007891858742430301
1209,0.008211143630540978
1210,0.007626828565893663
1211,0.008131341118823295
1212,0.007820128192888352
1213,0.008049888903338272
1214,0.008170044902017561
1215,0.008123652753025547
1216,0.007763331191677411
1217,1.410166986353727
1218,0.0067054787137687715
1219,0.007441162042935394
1220,0.00787091620021768
1221,0.007824895149728252
1222,0.007950992130090371
1223,0.008104960741948778
1224,0.00778553052410736
1225,0.007834274523054897
1226,0.00794910027850735
1227,0.007736761087425432
1228,0.007936417819711111
1229,0.008124061313584069
1230,0.007791583359209916
1231,0.007756305463864642
1232,0.00803483423571718
1233,0.008056178002349906
1234,0.007925516128603179
1235,0.008056555892403979
1236,0.007883485306006998
1237,0.007823845205860118
1238,0.007748126119406799
1239,0.0078048913550200095
1240,0.007631860847063994
1241,0.012159113574899355
1242,0.0074761639570154375
1243,0.007721472263209901
1244,0.007921348574523956
1245,0.007566803638128785
1246,0.007788232932167159
1247,0.008170166344902778
1248,0.007796324047623045
1249,0.008054605180050358
1250,0.007597854901578719
1251,0.007722912186567309
1252,0.00769165089409167
1253,0.00806732662416742
1254,0.008206846993574398
1255,0.00756315857377219
1256,0.007607150925481219
1257,0.0077699447678149505
1258,0.007676850367037548
1259,0.007624038009730689
1260,0.007213906049570542
1261,0.00798188122305072
1262,0.007992295733795075
1263,0.007581007400511811
1264,0.007491715327378804
1265,0.007672698957198378
1266,0.007857239852517338
1267,0.007720821491695183
1268,0.007713119929530106
1269,0.007747957755227463
1270,0.00819823978137288
1271,0.007812987138927615
1272,0.007562624578664111
1273,0.00775100284855876
1274,0.007642406380293354
1275,0.007790156644058682
1276,0.007827758848256731
1277,0.007839374376413554
1278,0.007687849596426901
1279,0.007305646749308049
1280,0.007992358704618478
1281,0.007616222090229897
1282,0.007668701558910563
1283,0.007830209232929904
1284,0.007546830192303001
1285,0.007827206763391525
1286,0.008013150548183565
1287,0.0074742303932306626
1288,0.007980173319515031
1289,0.008103913734114523
1290,0.0077242732119067745
1291,0.0074937085352711754
1292,0.007860445330645574
1293,0.007732952992289753
1294,0.007943558098227417
1295,0.007892452592772069
1296,0.007523178276842681
1297,0.007849704466318176
1298,0.007791355938919015
1299,0.007692391775011764
1300,0.007404332321484463
1301,0.007949522960836352
1302,0.007774215327749439
1303,0.007781650653992922
1304,0.007532872383924738
1305,0.007531314243767726
1306,0.007713591127451193
1307,0.007748751084209751
1308,0.007857838988903973
1309,0.007491375913575165
1310,0.007923860694834237
1311,0.00765726903169337
1312,0.00767983775980518
1313,0.0077741103191560105
1314,0.007729614680333031
1315,0.007590569117722117
1316,0.007702982285991311
1317,0.0077953222247187865
1318,0.0077163444228186195
1319,0.007552323347920457
1320,0.007656436153071917
1321,0.007675867034438051
1322,0.007446095201392043
1323,0.007806141485886301
1324,0.007396340997637076
1325,0.007701955052976639
1326,0.007450268436144343
1327,0.00783954072601588
1328,0.0075490729650482535
1329,0.0074575586220786225
1330,0.007932257641233125
1331,0.007825428821241199
1332,0.007572985005612343
1333,0.007151325383239379
1334,0.007417339464586417
1335,0.007853955675658407
1336,0.007426673098530431
1337,0.007655380692301413
1338,0.007383319736710923
1339,0.00745762126141433
1340,0.007497764074133109
1341,0.007703163964926439
1342,0.007539893855672266
1343,0.007414125032344107
1344,0.007469816074185705
1345,0.007521479698371584
1346,0.0076698224115485355
1347,0.00805400308197901
1348,0.007585323261791619
1349,0.007766985105571605
1350,0.007623348276572839
1351,0.007353890466235451
1352,0.007509808247451181
1353,0.00794399639007525
1354,0.007487870111540592
1355,0.0074414016158020095
1356,0.007919040252059951
1357,0.0075895873695548816
1358,0.007514133986275075
1359,0.0075720332491890354
1360,0.007660813969007488
1361,0.007650387887764028
1362,0.007536690551945466
1363,0.007421197967556447
1364,0.007471122479034683
1365,0.007089175493061795
1366,0.007425795179018277
1367,0.007358004808646895
1368,0.007425098535920478
1369,0.007659962712550315
1370,0.007377203984059773
1371,0.007479198111252764
1372,0.0075691495587954585
1373,0.007416611906314679
1374,0.007231054133025266
1375,0.007502973012594601
1376,0.007577390597454446
1377,0.007694846346690241
1378,0.007524458419184311
1379,0.0071860333979603345
1380,0.007618479480004033
1381,0.007581947213512356
1382,0.007533924352235587
1383,0.007228284150803998
1384,0.007565727587631446
1385,0.007463852979511149
1386,0.007414691742130761
1387,0.0070882191984140775
1388,0.007520992656127881
1389,0.007331274181478105
1390,0.007494219939887397
1391,0.0073720823235462534
1392,0.007253358444451528
1393,0.00742926812233498
1394,0.007710210986877397
1395,0.007565451783948909
1396,0.007310700561393494
1397,0.007250934124971598
1398,0.0073294814407699185
1399,0.007709256641693034
1400,0.007638767178138813
1401,0.007327180608349331
1402,0.0072692381178612936
1403,0.007360310506833307
1404,0.007399333755375217
1405,0.0074236615781940645
1406,0.007509994413309052
1407,0.00757926467695605
1408,0.007272892793387932
1409,0.007417244803144644
1410,0.007512520754046865
1411,0.007440717648162301
1412,0.0072719025725530365
1413,0.007295164117842155
1414,0.007245061771107553
1415,0.007506327944318369
1416,0.007141754871739422
1417,0.00744740277434052
1418,0.007292596996225164
1419,0.007331934064958181
1420,0.0074595637655011935
1421,0.007335535230872743
1422,0.00721293927754386
1423,0.007347565531036106
1424,0.0075341427809227325
1425,0.007623690953951771
1426,0.0070583573996357745
1427,0.007698672211934197
1428,0.0073542163778349
1429,0.007060658127479887
1430,0.007730430390654227
1431,0.007192198311420694
1432,0.007355220288322386
1433,0.007215933961067665
1434,0.007253114824672624
1435,0.007190113541891135
1436,0.0075996991748116536
1437,0.007644204268926534
1438,0.007522841394579006
1439,0.007265627885363617
1440,0.007217697108606413
1441,0.0071464561841497985
1442,0.007410589110311437
1443,0.007409813419236975
1444,0.007286697324223311
1445,0.007011669358412214
1446,0.007613361100824076
1447,0.0075713376735605424
1448,0.007286612765263703
1449,0.0073768684297200226
1450,0.006944634274863717
1451,0.007485738947545573
1452,0.0073268632720208775
1453,0.0073628698720328385
1454,0.007122358721602014
1455,0.007441208532111624
1456,0.007574394246626456
1457,0.0071891827875811415
1458,0.007101641206260202
1459,0.007335325701051723
1460,0.007161625846431164
1461,0.007118873499428569
1462,0.007143163534623208
1463,0.007349068569256214
1464,0.007370371051858795
1465,0.0070342621095162835
1466,0.007172472796687004
1467,0.007472879602573812
1468,0.007219206790392429
1469,0.007383831161058555
1470,0.007434437607841219
1471,0.007211110479656165
1472,0.007170282225361315
1473,0.007183331814673492
1474,0.007092937320013041
1475,0.007186793994505779
1476,0.0071110610171394835
1477,0.007538219321897979
1478,0.007137942165373114
1479,0.007340572154843959
1480,0.006998722502661837
1481,0.007235447398655243
1482,0.007131475517210566
1483,0.007081855049009545
1484,0.007378937463449724
1485,0.0071979385555990165
1486,0.0072192277550160635
1487,0.00727806333255149
1488,0.007224434994603113
1489,0.007367558781278588
1490,0.007264478435992437
1491,0.006934890480143792
1492,0.007458041124124774
1493,0.0073447125091738365
1494,0.007280098290135295
1495,0.0073651060051584645
1496,0.007202709273245754
1497,0.007355285326997607
1498,0.007344135692958735
1499,0.008089172018502476
1500,0.0068765452577558865
1501,0.007006419759433148
1502,0.006945595232043731
1503,0.007013058846311296
1504,0.00725476832476334
1505,0.0070351061048144
1506,0.0070594598191900775
1507,0.007216247943056337
1508,0.007367694655717429
1509,0.007039815803074231
1510,0.00727321092686537
1511,0.006724376470182028
1512,0.0071299906930554725
1513,0.007130119337905514
1514,0.007290985119544854
1515,0.006830209597818933
1516,0.007047411920581707
1517,0.007349390607579785
1518,0.006933199571271948
1519,0.007123435622523144
1520,0.007121007743496764
1521,0.007167876559956852
1522,0.007302195224437421
1523,0.007087961594984567
1524,0.007044320259148539
1525,0.007137988770964666
1526,0.007105463433032066
1527,0.007000572152704127
1528,0.007180105875072591
1529,0.0069858993687745875
1530,0.006988721305772789
1531,0.0071254080769179735
1532,0.0069958306572763095
1533,0.007032837049830389
1534,0.007166368527716752
1535,0.007317351374648891
1536,0.006861457731416922
1537,0.007225324117610136
1538,0.007033520772800607
1539,0.0069422448799803345
1540,0.007015192013044479
1541,0.007305403764880562
1542,0.006921448391641222
1543,0.0070624092783210645
1544,0.007211078108304133
1545,0.006941922375995477
1546,0.006921517938943737
1547,0.007110577272014472
1548,0.007221891219191001
1549,0.007361733603243858
1550,0.007086582773885989
1551,0.007114620528073381
1552,0.007001888156884303
1553,0.006830313523157926
1554,0.007025252721840673
1555,0.0069385538611687345
1556,0.006975302263557658
1557,0.006788788909897587
1558,0.0071979959503258185
1559,0.007090763433568053
1560,0.006975799722012953
1561,0.007192159142597752
1562,0.006986553153275686
1563,0.00695916249661438
1564,0.006989013182662301
1565,0.006792796980905331
1566,0.0071125396476048285
1567,0.006734498800173149
1568,0.007074604083199875
1569,0.007231652075661567
1570,0.00693271724483535
1571,0.0070509248219777715
1572,0.007117797220046869
1573,0.00709682824563677
1574,0.006962529565128735
1575,0.0068864524167157335
1576,0.007037410291574769
1577,0.006926641965253374
1578,0.0065584532715285485
1579,0.007231138948493211
1580,0.006887451252284444
1581,0.007228678707980504
1582,0.006652486048859812
1583,0.007287126863217455
1584,0.007068922605081383
1585,0.006958863798576265
1586,0.006918596214283321
1587,0.006738415201020948
1588,0.0068819188824618014
1589,0.006819500031454836
1590,0.006810974234999236
1591,0.006893370564932288
1592,0.006720091873322124
1593,0.007025661838824971
1594,0.006906377883643796
1595,0.007052685749732842
1596,0.006973177699719445
1597,0.006888968550394905
1598,0.0069596620722500195
1599,0.006924993958387335
1600,0.0069830619248608915
1601,0.006955647164308545
1602,0.00706302434584852
1603,0.006976359042386382
1604,0.007050866286775445
1605,0.006780828643290294
1606,0.006681567961665786
1607,0.006959363995751334
1608,0.0071268136538091605
1609,0.006996088892110955
1610,0.006856056455112362
1611,0.006870193943633872
1612,0.007080789981015279
1613,0.006921885176009293
1614,0.007043897379505433
1615,0.006784959366718717
1616,0.006976371354786522
1617,0.006922749678162321
1618,0.006851403699730033
1619,0.006821301311917476
1620,0.00667244907058144
1621,0.006739836884662509
1622,0.007011705768783971
1623,0.006717095262039516
1624,0.006591312194606132
1625,0.006966624418826048
1626,0.006854588744009577
1627,0.006765455907305418
1628,0.006970321072928481
1629,0.006881426873822081
1630,0.006876915999119944
1631,0.006348860140305833
1632,0.007410475467252782
1633,0.006978633051927564
1634,0.006799469467141997
1635,0.006628370820150032
1636,0.006725513532173709
1637,0.006942005236080642
1638,0.006484634039718342
1639,0.006859296605275091
1640,0.006675817319034141
1641,0.0068743447023364955
1642,0.006910846201639812
1643,0.007014779119468215
1644,0.0066436247158227334
1645,0.0067467471718851285
1646,0.00628066734979087
1647,0.006830953491725407
1648,0.0068564647788939585
1649,0.006809680898263419
1650,0.0065809629001196916
1651,0.006803296147293206
1652,0.006710190566698626
1653,0.0063670964031559175
1654,0.006692815487178327
1655,0.006722843432325428
1656,0.006484784393066193
1657,0.006926597137461906
1658,0.006570954943249412
1659,0.006966248642006036
1660,0.0066744607056380585
1661,0.0066170337771744294
1662,0.007018961073530806
1663,0.006578691276106037
1664,0.007099764820156714
1665,0.006602573962250756
1666,0.006588225331851992
1667,0.006499037925959013
1668,0.006560945703837452
1669,0.006548807080203699
1670,0.00689613324850482
1671,0.006553648933531496
1672,0.006782487200541517
1673,0.006688617077119396
1674,0.00684608492637211
1675,0.006802291108169041
1676,0.006788957619376607
1677,0.006665833919877344
1678,0.0066690995926195285
1679,0.00662454780609489
1680,0.006687242583119137
1681,0.0064941410515930945
1682,0.006749562599491012
1683,0.0067023911919855215
1684,0.0063524395385283535
1685,0.006688895185430676
1686,0.006554808856335358
1687,0.00640455537901844
1688,0.006604521247258378
1689,0.006516778900808954
1690,0.006715251093383058
1691,0.0067523778751650354
1692,0.006525345912234763
1693,0.0065698170406996445
1694,0.00670133673554381
1695,0.006664074665345883
1696,0.006677339096174781
1697,0.0065510585762055245
1698,0.006742817973244494
1699,0.006565688541001182
1700,0.006494055227850074
1701,0.006524549897807508
1702,0.00657236897504999
1703,0.0064227588423448854
1704,0.006479727096413657
1705,0.006537841986154474
1706,0.006184631096341221
1707,0.006749000096441073
1708,0.006480166810896184
1709,0.00662543302425578
1710,0.006748526783312781
1711,0.006703676908450611
1712,0.006344370729432015
1713,0.006581482958932549
1714,0.0063981867150671905
1715,0.0063084582285166295
1716,0.00645647745311134
1717,0.006554436129991407
1718,0.006538194083308769
1719,0.006509653391253392
1720,0.006527695771290968
1721,0.006618544309384237
1722,0.006561673003627713
1723,0.006508754138140229
1724,0.006219956905470561
1725,0.006525684088878965
1726,0.006588406781902758
1727,0.006570746366455519
1728,0.0066243302041538435
1729,0.006479613605286863
1730,0.0063234467150138345
1731,0.006768867937784831
1732,0.006339914169383503
1733,0.006643353470096017
1734,0.006378424602513344
1735,0.006596629955742697
1736,0.0066506719725774755
1737,0.006715656548217571
1738,0.006347290697996899
1739,0.006249845949380453
1740,0.00636833689522819
1741,0.006055981193085091
1742,0.006588044746037004
1743,0.006586430833075132
1744,0.006330689977680854
1745,0.00642652708792396
1746,0.0062406657409649026
1747,0.006383261824879101
1748,0.006300557594178087
1749,0.006333574090326615
1750,0.0062890887295953555
1751,0.006722083463238836
1752,0.006530354651859251
1753,0.0065538398921489716
1754,0.0064363137274286
1755,0.006523179959789929
1756,0.006056055797548112
1757,0.006310029722892253
1758,0.006648036651313305
1759,0.006425741734377787
1760,0.0064697623651443145
1761,0.006490181460660898
1762,0.006221007741198449
1763,0.0061992352978342165
1764,0.00643049274823802
1765,0.006404565548587401
1766,0.006317099566192572
1767,0.006220294142899625
1768,0.006369000839432544
1769,0.006150698810184406
1770,0.0064517160112006686
1771,0.00620985398921421
1772,0.0063925855654939
1773,0.006213514185589501
1774,0.006111117839513315
1775,0.006398906672799612
1776,0.006528981477890353
1777,0.006307536110645003
1778,0.005959329801074908
1779,0.006037870621292899
1780,0.0064733000926010436
1781,0.006305883044645317
1782,0.006528167795958155
1783,0.0062730649478291555
1784,0.006537341581799595
1785,0.0062449312832017064
1786,0.00621805535787243
1787,0.006095696021644872
1788,0.006199586799099915
1789,0.006300701785406445
1790,0.006200137283747732
1791,0.006322597179135655
1792,0.006370650566877576
1793,0.006138605282689303
1794,0.006301162608551903
1795,0.006369344130458342
1796,0.006287997333980087
1797,0.006113562644143604
1798,0.006345629711809047
1799,0.006417378329403572
1800,0.006279632007166491
1801,0.006077752930064828
1802,0.006451642973411639
1803,0.006372599761885733
1804,0.006397575690505742
1805,0.006329422658782894
1806,0.0061801065457984805
1807,0.006326924070273921
1808,0.006424319924455199
1809,0.005983393443985132
1810,0.005999997856048078
1811,0.006556004058901157
1812,0.006173743337582228
1813,0.006034774453205578
1814,0.006089397412093388
1815,0.006126086525540105
1816,0.00622654340222036
1817,0.006242409176824583
1818,0.006468538070586905
1819,0.006163700089111167
1820,0.006150731473561313
1821,0.006138670230600036
1822,0.006266538503627151
1823,0.005975519792350419
1824,0.0060704877615858945
1825,0.006147530048264791
1826,0.0065967353885614515
1827,0.006289413396142802
1828,0.0061506817089709434
1829,0.006289567214326333
1830,0.006146090866808417
1831,0.006019714083206855
1832,0.006079051432483908
1833,0.006211493586553103
1834,0.0059649675208443805
1835,0.005991168180085971
1836,0.006084807846553119
1837,0.006167056694058544
1838,0.006204416482093729
1839,0.006155341476896557
1840,0.006097030995603082
1841,0.006252848703051143
1842,0.006143543456870494
1843,0.005969883230814742
1844,0.006065660766010188
1845,0.005977722764867595
1846,0.006073944657346455
1847,0.0061693724809151335
1848,0.00628361459308446
1849,0.006089132365975845
1850,0.005923574403622898
1851,0.005868051718068072
1852,0.006225180636570489
1853,0.00607731261377428
1854,0.005825180351197467
1855,0.0058900237426761605
1856,0.006101632877489773
1857,0.006020199485770348
1858,0.006139213049594881
1859,0.005715065059583571
1860,0.005898825165231602
1861,0.0061939786113325065
1862,0.006122720875714163
1863,0.0060567137355111164
1864,0.005854730170725261
1865,0.005788211813354391
1866,0.005761843172722827
1867,0.006150162962296883
1868,0.005813484072243258
1869,0.006017472480534245
1870,0.005785319164900457
1871,0.005926740266998314
1872,0.005885163284601423
1873,0.006134289476657444
1874,0.00589968096977889
1875,0.0056956512774577585
1876,0.0058864367439143235
1877,0.005903773487277202
1878,0.006183177881905714
1879,0.005879844661202218
1880,0.005887499047537981
1881,0.005861007099402911
1882,0.005771167526984492
1883,0.0058767938931172685
1884,0.005939388722654874
1885,0.0055715557606101545
1886,0.006062640802603278
1887,0.005695386876557338
1888,0.0057889533177870565
1889,0.0060131007537119465
1890,0.00598731434359452
1891,0.005864327653090202
1892,0.006061144074488242
1893,0.00579799440200046
1894,0.005991485025102304
1895,0.006049022561933656
1896,0.0057849068001259935
1897,0.005714988578663413
1898,0.0056856389027246735
1899,0.005763308314795969
1900,0.0059171272836373015
1901,0.005890475118422281
1902,0.005898581770390777
1903,0.0056352029471673955
1904,0.005838421810718285
1905,0.005676477040574586
1906,0.0057094254337598455
1907,0.005706014900894488
1908,0.005552975058366182
1909,0.005637624405592807
1910,0.005801945411742239
1911,0.005612122173168523
1912,0.005966753564711849
1913,0.0057235398325848124
1914,0.005843372873456801
1915,0.005853104543224987
1916,0.00556612241089786
1917,0.005910153287636526
1918,0.005670147391541277
1919,0.005733475515271647
1920,0.00564958837072728
1921,0.0056271226682021456
1922,0.0057042341943735544
1923,0.00540922029275384
1924,0.005673765875714816
1925,0.005642069264914904
1926,0.005707700446768963
1927,0.005561025744161995
1928,0.005654591331021639
1929,0.005576324586014626
1930,0.039488099247090895
1931,0.005272357075443586
1932,0.005606834650418516
1933,0.005469345856631585
1934,0.005627157421135422
1935,0.005548360804885121
1936,0.005874238146658418
1937,0.005488959091747085
1938,0.005374951297969763
1939,0.005675502328628327
1940,0.005458992846720552
1941,0.0055656961571835615
1942,0.005653099028661974
1943,0.0054216113896503795
1944,0.005516577287087754
1945,0.005676413613955601
1946,0.00549790863208157
1947,0.00566137638692823
1948,0.005430574067157961
1949,0.005587949172862001
1950,0.005425392257412738
1951,0.0053923372790943514
1952,0.005446569129856208
1953,0.005245146927644767
1954,0.005310483332091974
1955,0.00546342605069848
1956,0.005401455071139134
1957,0.005380513401054856
1958,0.00536510688489524
1959,0.005220134261111587
1960,0.005548825582205239
1961,0.005379063347591308
1962,0.0054316021229724515
1963,0.005427631001003971
1964,0.005181237248214498
1965,0.005445293446813347
1966,0.005145282251760364
1967,0.005459374988893584
1968,0.0052697081493718895
1969,0.005245649137423705
1970,0.005229534918710716
1971,0.005404347178952421
1972,0.005421221051049434
1973,0.005079934837186109
1974,0.005245514334400452
1975,0.005176312219098968
1976,0.005213254679909954
1977,0.005232594267986083
1978,0.005135161377947336
1979,0.005169737965689372
1980,0.005283267560841168
1981,0.005121358909044351
1982,0.005079616713574377
1983,0.005148288053933973
1984,0.005147344914217622
1985,0.005062644277162597
1986,0.004995141713090746
1987,0.0051335414094155875
1988,0.004866640093357508
1989,0.005118841844042606
1990,0.004965181975483389
1991,0.005322539569194413
1992,0.005089137977446919
1993,0.004872355268778816
1994,0.004942947434324582
1995,0.004954849861136054
1996,0.0048701458598755425
1997,0.005047519645906227
1998,0.004772117323936674
1999,0.0048051779257070465
2000,0.004915228912654191
