1,0.531662195036977
2,0.20129768386230631
3,0.16168220284379134
4,0.1440503818882724
5,0.11884800534127123
6,0.11209984186847331
7,0.10135906505382668
8,0.09242449694518316
9,0.08466561523787046
10,0.08160359355605255
11,0.07425616766815468
12,0.06948118183319851
13,0.06671732534670223
14,0.06764900760125306
15,0.06239243767271608
16,0.058937549622634706
17,0.05877058198517662
18,0.05467574680381912
19,0.055493770609215155
20,0.052903846000968396
21,0.05166018410128052
22,0.04906078290699397
23,0.04758560338641627
24,0.047288155783030944
25,0.04616571344056372
26,0.04558716914853302
27,0.044714178747923695
28,0.042591703945171026
29,0.042629283237255226
30,0.04098663799527843
31,0.04166204411283893
32,0.04094996642700191
33,0.03872430214058545
34,0.03938723077713433
35,0.039647625743458835
36,0.03824542533858853
37,0.037273016979254905
38,0.036125239268955535
39,0.03637361984257981
40,0.036326173503520125
41,0.03471729928090916
42,0.0350457884655413
43,0.034464687835109434
44,0.033973804596116985
45,0.03415003821443198
46,0.034413154600030284
47,0.03288670180965278
48,0.03316470974330175
49,0.03311366846753379
50,0.03216527006194248
51,0.03282999081568698
52,0.03179411811091132
53,0.031883656441912815
54,0.031226759302919193
55,0.03133497276674893
56,0.03135569426783566
57,0.03065616937385777
58,0.030510137094405747
59,0.0306973090963596
60,0.029710261608963295
61,0.030283942487153968
62,0.029613395884506784
63,0.029423133280696505
64,0.02991514351471501
65,0.029549571385575554
66,0.029569717360881424
67,0.02898842681167742
68,0.02913719816606934
69,0.027771263777957123
70,0.028424044944724794
71,0.02817941127123974
72,0.027910653138691087
73,0.02806634171786955
74,0.027418887653088166
75,0.02696587748320426
76,0.027345621989945234
77,0.026399304364192282
78,0.027563804949996835
79,0.026773980684515277
80,0.026664480566978455
81,0.026287847316934395
82,0.026577926603919368
83,0.026866415720748698
84,0.026414499902245352
85,0.026983536101120004
86,0.025769615901034264
87,0.025381043742773897
88,0.024878831690777155
89,0.02567332024859675
90,0.024913400727308403
91,0.025735665988808467
92,0.025323827908832138
93,0.02504970327461675
94,0.025021457065970212
95,0.024772806100989298
96,0.025006497705008013
97,0.023668436436140437
98,0.024896174101001124
99,0.024415572237033965
100,0.02377878347317041
101,0.024534283095370917
102,0.024430589560987585
103,0.024249097024548357
104,0.023474416364047488
105,0.023524703410596162
106,0.02362013456680007
107,0.023856528600583137
108,0.024013516256364727
109,0.023098932413415887
110,0.022885603127780103
111,0.023617700957772086
112,0.022669340712728643
113,0.023300031326332335
114,0.023356194568450672
115,0.023014135619278175
116,0.022887978576502557
117,0.02295951504197161
118,0.022945299570969607
119,0.022794703660943244
120,0.022904938355214514
121,0.022262456511163105
122,0.022423555908756235
123,0.022087119464462592
124,0.02118782373934479
125,0.02280568743471877
126,0.02258682656654362
127,0.02189690642595544
128,0.02221408827325045
129,0.022155232530213512
130,0.0220669061576916
131,0.02148282119088759
132,0.022103882978780794
133,0.02151550008457596
134,0.021272400031024118
135,0.02229675023927022
136,0.02172161836840086
137,0.02169974969100144
138,0.021592284355438866
139,0.021634692523502193
140,0.02083629021673637
141,0.020921684564801597
142,0.02152279309802136
143,0.02115834398605561
144,0.021382551679734962
145,0.02086029708448608
146,0.02111917427125371
147,0.02135371473633637
148,0.02120725805792263
149,0.021027442872903104
150,0.020316236557723102
151,0.021346634151256184
152,0.021038404515928637
153,0.02058812200044424
154,0.020034847268045455
155,0.020841137411356982
156,0.020710483935298556
157,0.020358777881236904
158,0.020335542203826926
159,0.019900667962570815
160,0.02040748009300333
161,0.02004641180826446
162,0.020425322039400118
163,0.019634302539782503
164,0.019363383162703553
165,0.01945094492728427
166,0.02004961166688699
167,0.01939079001293344
168,0.019875051287965753
169,0.01964703871537063
170,0.0200493926640158
171,0.01973789804062601
172,0.019646684812792276
173,0.01944487812628938
174,0.019163361805791066
175,0.01959233431903235
176,0.019799192175584828
177,0.019320585354531215
178,0.02023798320442438
179,0.019595204205331156
180,0.019739630947805058
181,0.018593109820543203
182,0.018898657728302275
183,0.0194037399586227
184,0.019591706639187315
185,0.019306467767110317
186,0.01873479091357124
187,0.019300853794093353
188,0.018223969976149373
189,0.019092825470271253
190,0.01890459110549951
191,0.019210639835919363
192,0.018954614714040596
193,0.01941187993102407
194,0.018669116176601688
195,0.01847622595664303
196,0.0191531379754513
197,0.019429635801115782
198,0.018472903929019378
199,0.018162526837471177
200,0.01832663806123754
201,0.018826766563105887
202,0.018196033566432485
203,0.018706691885461747
204,0.018421027320042506
205,0.018592438518495884
206,0.01846022007323928
207,0.01835366111185591
208,0.01843615241696016
209,0.03332056614207262
210,0.018944621764881125
211,0.01872077325390557
212,0.018074707704264732
213,0.019233826500505716
214,0.018121339104501373
215,0.01884231696663014
216,0.01804158389094775
217,0.018116619777313228
218,0.01813159588629664
219,0.018423659908506324
220,0.01799479876723835
221,0.018075530275197354
222,0.017931096681977732
223,0.017325891379140698
224,0.017879323662905875
225,0.018167770278277033
226,0.01846781885251403
227,0.017905546802143426
228,0.01737975445181384
229,0.017567774943881117
230,0.017725061814663774
231,0.018136643354733615
232,0.01716203342775925
233,0.018534023638309565
234,0.018327145055883516
235,0.017857079780897348
236,0.017867938370712228
237,0.017279385715344195
238,0.017549955001953294
239,0.017452331764970797
240,0.017177697523670682
241,0.017627667122662574
242,0.01733568744039384
243,0.017456865758966593
244,0.017590491156393693
245,0.017372946460115706
246,0.017645531468156537
247,0.017339873995821355
248,0.01743202965106752
249,0.01709859094472002
250,0.01746133603629167
251,0.017326594235659656
252,0.01766323318736533
253,0.017179112439438447
254,0.017275088127323632
255,0.01661505610918847
256,0.017104427858997705
257,0.01704232336290307
258,0.016805506848051387
259,0.016983139541757813
260,0.017217312442233502
261,0.017128048804036136
262,0.016676509397704216
263,0.017042576327477976
264,0.016822391489552238
265,0.017285869748852517
266,0.01718459672184061
267,0.016985056487748684
268,0.01708520014407271
269,0.017208485232697704
270,0.016786063729264472
271,0.017599985832190614
272,0.016535888299724813
273,0.01678498490255768
274,0.01680518246366311
275,0.01666146332903181
276,0.01675178448401265
277,0.01691941032975407
278,0.0168647800998415
279,0.016951297591361453
280,0.016671977842510757
281,0.016472313687268456
282,0.016940149186589454
283,0.015920270944677167
284,0.01676850430509549
285,0.016095431142691838
286,0.017006225078919177
287,0.016404215380612572
288,0.016481839357164955
289,0.01616721807079295
290,0.01624108993811375
291,0.016461110879051482
292,0.0161517163328195
293,0.01654818767713288
294,0.016367976703696836
295,0.016354994193287724
296,0.01675691331689388
297,0.01674127188053424
298,0.01645206457982629
299,0.016152537254206206
300,0.016599051086074214
301,0.016236899988883634
302,0.016178516552673054
303,0.01632582568326744
304,0.016517647471026343
305,0.016217918877126807
306,0.016075330494382117
307,0.016191120212108404
308,0.016250455830940754
309,0.015321734771763875
310,0.01617787656042788
311,0.015912298097322555
312,0.016018272645897783
313,0.015772131224304944
314,0.016269180552749816
315,0.016146429656547005
316,0.016258579528874766
317,0.01593668022492932
318,0.016438913200113734
319,0.015955774689693066
320,0.015939359426877256
321,0.015290181736572313
322,0.016107385465086013
323,0.015295810097733797
324,0.01595490245085399
325,0.016026387117424254
326,0.016340729969916708
327,0.015866365125876362
328,0.016101233132372973
329,0.016185055913056356
330,0.016261118645700862
331,0.015858155367422407
332,0.015359830119157746
333,0.015918298861232853
334,0.015549605286096111
335,0.015731702306134215
336,0.0158692353357703
337,0.015435427829812644
338,0.015568380054654711
339,0.0159060559945844
340,0.015218872458563518
341,0.016027545777417846
342,0.015572507234321813
343,0.015440119825050993
344,0.015096096756031453
345,0.015873027697079264
346,0.015473818335429592
347,0.015631061173596625
348,0.01573791841076592
349,0.015971637180990587
350,0.015294479971783142
351,0.015052206388090626
352,0.015786850611852893
353,0.014875920426289914
354,0.014635433940122188
355,0.015370821848637977
356,0.015441436636245857
357,0.015756681703536186
358,0.015713828915761688
359,0.015462848720914227
360,0.015211802299560631
361,0.015496726353037156
362,0.014833648760124283
363,0.014853826297794357
364,0.01531367922612166
365,0.01533537758987839
366,0.014675631937649796
367,0.01500618715091782
368,0.015701893006719776
369,0.015624645529157025
370,0.01557422969174587
371,0.014886722505345182
372,0.014592348740009939
373,0.015101820522508884
374,0.014900919215722104
375,0.015102477949428357
376,0.015157208746393858
377,0.014660672308340415
378,0.015486189708808216
379,0.014617563406857898
380,0.014904477972916122
381,0.015412654226519546
382,0.014634832116317446
383,0.014654390482326685
384,0.015081071871001337
385,0.015214118617192164
386,0.01498450989187774
387,0.01501961357070733
388,0.015013639752011178
389,0.014965633601265944
390,0.014757801565515288
391,0.01483132351600265
392,0.01480179068521928
393,0.09806357046305123
394,0.013259355614151237
395,0.014939032510806948
396,0.014999572242910073
397,0.014743960730857769
398,0.015054527891136833
399,0.01457546096121482
400,0.014883003252858327
401,0.014823851657052666
402,0.014687947818409588
403,0.014793430316909138
404,0.014545532290713262
405,0.014928683796423977
406,0.01463618071086831
407,0.014856563107568329
408,0.014771048413684307
409,0.01472934257333814
410,0.014340259624108419
411,0.014690088826405295
412,0.01449202353103181
413,0.01518093811158659
414,0.014811937507810229
415,0.014540876218480832
416,0.014606640066446389
417,0.014695818717512538
418,0.014717381037140296
419,0.014312932993900978
420,0.014704679746685897
421,0.014980460446075363
422,0.014033619243399067
423,0.01476381447608188
424,0.01470795227214694
425,0.014629583300675377
426,0.014902546307293036
427,0.01455365607941176
428,0.014344571296409783
429,0.014286518231097419
430,0.014446136707408448
431,0.014732500482981994
432,0.014462950734137479
433,0.014285556758927592
434,0.014266911002223269
435,0.014605373530885426
436,0.014379490569423316
437,0.014686566690709127
438,0.014457359444350004
439,0.014904075886233378
440,0.014630116068489723
441,0.014916477140860033
442,0.014147786762944217
443,0.014400333252940642
444,0.014808572678810965
445,0.014380055057453149
446,0.01443163455479731
447,0.0143449480637466
448,0.014529644061763913
449,0.014861820088068054
450,0.014147324692773617
451,0.014626438216448335
452,0.01489204190418882
453,0.014211398131072016
454,0.01452427786001462
455,0.014309869921308453
456,0.014537557533358112
457,0.014249772985734172
458,0.014079324470959225
459,0.01390105384891316
460,0.014258702719678818
461,0.014202578222158096
462,0.014605383956962722
463,0.01447662790858392
464,0.01435418202841686
465,0.014336768869247478
466,0.014154747191627147
467,0.0145296415519285
468,0.014396760912643651
469,0.014322986613201388
470,0.013790478322149838
471,0.014283450596602791
472,0.014119792319202826
473,0.014009790723922394
474,0.014210041391394906
475,0.014345751759611954
476,0.01420363985886008
477,0.014278482989076588
478,0.014434667990811296
479,0.014177931634456678
480,0.014402276283856166
481,0.013714836902474449
482,0.013883882360059326
483,0.014168879893308475
484,0.01438606542266779
485,0.013923292142986241
486,0.013881196484948366
487,0.01416142311704866
488,0.013481349952645221
489,0.01389644720386398
490,0.013452356176103577
491,0.014559344400383405
492,0.01419930508896961
493,0.013929448145741628
494,0.01428019997300738
495,0.014223954364089138
496,0.013546846242684681
497,0.01398505525410933
498,0.013816211072696467
499,0.013710884625976116
500,0.013832033742061359
501,0.014079239250997366
502,0.013584347568073515
503,0.013816849297007262
504,0.013649032182865223
505,0.013584017986431718
506,0.014015365443271349
507,0.013820388441179263
508,0.014119956602926477
509,0.013954944072007123
510,0.013231485213894965
511,0.013774922188623981
512,0.013748240278307663
513,0.013739743861922268
514,0.013828802514442448
515,0.013444247166231528
516,0.013458853110008068
517,0.013488686856640092
518,0.01323240523826394
519,0.014480253109329586
520,0.0134277841218321
521,0.013270084091099137
522,0.01362277926892926
523,0.013888797920070967
524,0.013866844152936996
525,0.014013290831471905
526,0.01367142019888102
527,0.013581288232610135
528,0.013660457916557789
529,0.01347954867218258
530,0.013841175576829809
531,0.013403540465317793
532,0.013784361229735916
533,0.013828492636587156
534,0.013595774043667115
535,0.013726545111039433
536,0.01357874420660911
537,0.01344617155491043
538,0.013372520324221607
539,0.014041823382347317
540,0.013637257676761029
541,0.013972110343876026
542,0.013542782917808173
543,0.013047740786825702
544,0.0134878419300194
545,0.013648115698311288
546,0.013343688913510513
547,0.014062480377506906
548,0.013721961370211536
549,0.013119909999165999
550,0.013411116652127545
551,0.013502350329595098
552,0.013123523199267812
553,0.01354653975468571
554,0.013497841737817153
555,0.01341424719035878
556,0.013536407825363389
557,0.01360012979988577
558,0.01400484009724805
559,0.0135599899823951
560,0.013339339917273088
561,0.013564699155799413
562,0.013340645544704492
563,0.01323653678251904
564,0.013771694950696271
565,0.013187577746713818
566,0.013517073683156553
567,0.013177931608663778
568,0.01348175135267488
569,0.013354661614018477
570,0.013390645676813388
571,0.01309174341859959
572,0.013662982266396284
573,0.013339260956114632
574,0.012854338607798188
575,0.01342385666350187
576,0.013167422852810409
577,0.013528639742694163
578,0.013331473086786977
579,0.012938203676840511
580,0.013146245769240845
581,0.013309563435140555
582,0.013051989519873918
583,0.013400171437474379
584,0.013048197647903935
585,0.012983081803136206
586,0.013424753704723917
587,0.013299261815688116
588,0.013608560913195044
589,0.012977124089217288
590,0.013104945697458618
591,0.013172247233974227
592,0.013365755670593452
593,0.01330763254298876
594,0.01329533816946639
595,0.01304422909693824
596,0.013737356384931985
597,0.013138615739358178
598,0.013411270351922614
599,0.012716381052919364
600,0.013193697573901233
601,0.013238016105556891
602,0.013455186370697063
603,0.013174261100653369
604,0.013020077388796765
605,0.013353306338412025
606,0.01299651439096463
607,0.012810567007163319
608,0.013268041310011077
609,0.013018647856000116
610,0.013071861615309776
611,0.01333429291844368
612,0.012723831578268337
613,0.013112288954967664
614,0.012786695567922573
615,0.012945909179368262
616,0.013058670315007537
617,0.01279383240330775
618,0.013229668097002274
619,0.012902411379677764
620,0.013234982535369316
621,0.012839915964878717
622,0.012903848067083853
623,0.012976848599264177
624,0.013126931630737953
625,0.012685641658224039
626,0.012980673919921205
627,0.012875282118823064
628,0.012874077997659729
629,0.013246491294890896
630,0.01312329328887291
631,0.012792295436927323
632,0.013292031820421503
633,0.013190338032919977
634,0.013198504997890884
635,0.01318382003770794
636,0.012980994346188539
637,0.01294176443085327
638,0.013065794419686673
639,0.01294145094609614
640,0.012961718458998002
641,0.012660322991057725
642,0.013003025507806973
643,0.01297798662414869
644,0.01277737396816581
645,0.013277798701645964
646,0.012866919311710585
647,0.012298112545730704
648,0.01293222809020998
649,0.013145770664500483
650,0.012954983015749919
651,0.012626871399549862
652,0.01307069893800101
653,0.012906426749334244
654,0.01319569233662875
655,0.012687158060528465
656,0.013003618539295207
657,0.01321567312056609
658,0.012581325088769702
659,0.012711302266787674
660,0.012708702116762683
661,0.012833935362523642
662,0.01312714081920557
663,0.012614869086419121
664,0.012668825247940623
665,0.012395128224960576
666,0.0127522640514298
667,0.012754101692935673
668,0.012520794413383987
669,0.012888382709885047
670,0.012542448369628293
671,0.012517763033382973
672,0.012529664483489626
673,0.013223008603899408
674,0.012465280693782083
675,0.012649883007062442
676,0.012781931201816869
677,0.013219216349140063
678,0.01286326874820989
679,0.01260266053663977
680,0.013178702601689404
681,0.012773528825333816
682,0.012471645320686748
683,0.012792882387194846
684,0.012709399890470303
685,0.012063494646700762
686,0.013162009717928152
687,0.012406827822738027
688,0.01298505402075411
689,0.012807698624397991
690,0.012508087799395039
691,0.012811341220355136
692,0.012678892837079653
693,0.01249906359145702
694,0.01251920965752738
695,0.01244848319408247
696,0.012873110866521374
697,0.012578807270028075
698,0.012370372621216258
699,0.012559561271978131
700,0.01268188167221339
701,0.012619049252815923
702,0.012661382623048405
703,0.012657309913913072
704,0.012047701341620946
705,0.012717830273717388
706,0.012375739750341844
707,0.012854017514609179
708,8.572143615961423
709,0.012401916086673737
710,0.010984884425050627
711,0.012808661240989627
712,0.012367976237467285
713,0.012627864074972222
714,0.012459633753524494
715,0.012345024151727557
716,0.012368182801657308
717,0.012671418637984384
718,0.012590269463420924
719,0.012394997417547945
720,0.01248789108279398
721,0.012811035304567066
722,0.012439458907218807
723,0.012316851643845439
724,0.012635581882007547
725,0.012660130092842599
726,0.012467327460615059
727,0.012401139111084453
728,0.012648618215758163
729,0.012269250338234134
730,0.012017444798217739
731,0.011822863627951277
732,0.012260296086038826
733,0.012535559344973605
734,0.012801498861320443
735,0.01280257037162023
736,0.012358989953300205
737,0.012181739512262708
738,0.011872407210738225
739,0.012515585912959808
740,0.012479139255138777
741,0.012270192868249902
742,0.012886518016615408
743,0.01279352490506056
744,0.0124463747547529
745,0.01231281390666204
746,0.012287642254288925
747,0.012470785358731272
748,0.012311743607870856
749,0.012339110861106192
750,0.012670277302169193
751,0.011865539653858139
752,0.012314963718813103
753,0.012382098694600292
754,0.012474355603552471
755,0.012198538428677594
756,0.012392421288542071
757,0.01246708865135403
758,0.012342112841305592
759,0.012088235424263245
760,0.012273880333434475
761,0.012064436651861011
762,0.011891576319427813
763,0.012480200524836525
764,0.012210431307459534
765,0.012068496898637485
766,0.012392673613819278
767,0.012014534304676167
768,0.012603702422199865
769,0.012284881841801739
770,0.011873808693361737
771,0.012218484437977106
772,0.011985895961870328
773,0.01239601766958959
774,0.012020554113343863
775,0.012294178741778863
776,0.01174043932677073
777,0.011994310563935314
778,0.01192571311178854
779,0.012114979366187826
780,0.012322235236859928
781,0.01231171318992846
782,0.01188305721981293
783,0.012261217396895764
784,0.011912686738453932
785,0.01211949834852653
786,0.01232253925843259
787,0.01234320322272636
788,0.011912024923268769
789,0.012194722855337342
790,0.011393570451665733
791,0.012404386747344318
792,0.011852596294513698
793,0.012185631185706895
794,0.01215660726351632
795,0.011927763639428353
796,0.012664083494031328
797,0.012392256882483675
798,0.011683870335819862
799,0.012180349832968944
800,0.01204823978813523
801,0.011988805480680223
802,0.012340443745508032
803,0.011947015888389137
804,0.012494433592310396
805,0.01197523340756484
806,0.01232391904439714
807,0.011889633726549604
808,0.012224682847479894
809,0.011851206461314932
810,0.012361961109090155
811,0.012039938120771263
812,0.012146425224303946
813,0.01189088285111396
814,0.01179048273380909
815,0.012083579991328515
816,0.011741872470415497
817,0.011506674913847345
818,0.012126306123179147
819,0.011822220474734144
820,0.01216069168127063
821,0.011627735787118643
822,0.01185413556946915
823,0.011750344636897414
824,0.011926151160940023
825,0.01210889037919499
826,31.765937381558185
827,0.012288937029444565
828,0.010779650747712892
829,0.011579709139384203
830,0.012092450973025318
831,0.012592328921497122
832,0.011254038906387858
833,0.012073504872683246
834,0.011777472733598898
835,0.012167990318168018
836,0.011863385540259591
837,0.011776949452646708
838,0.01211452200787805
839,0.011703622381408083
840,0.011889816076352687
841,0.01190057393337079
842,0.012001273388011475
843,0.011663707758505212
844,0.011938391320438961
845,0.011843184652438356
846,0.011474186373022149
847,0.012058421219620159
848,0.011833448827235122
849,0.011972072522424288
850,0.011355100574476992
851,0.011973559761704024
852,0.01140476334682208
853,0.01204362030188411
854,0.012266736718336656
855,0.011724788999437527
856,0.011872578404401824
857,0.011988050900241834
858,0.011886131740569815
859,0.01197423028238749
860,0.011984865228503437
861,0.011504478764451914
862,0.011935059683618405
863,0.011563566852739807
864,0.01149365127528623
865,0.012170408706385957
866,0.011988944741029102
867,0.0116514846311598
868,0.011800540113916336
869,0.01192412676952653
870,0.011458431544192767
871,0.01129084904441389
872,0.012107811367012939
873,0.012148731384205363
874,0.01144529807270836
875,0.011929000183245388
876,0.011895354959513929
877,0.011859337609829539
878,0.011522650316168191
879,0.011729772794612889
880,0.012350186764783526
881,0.011975666492293447
882,0.011785291750931133
883,0.012083279142566657
884,0.011196385536311288
885,0.011698166879241243
886,0.011845778587069047
887,0.01166799554396105
888,0.011497498959523894
889,0.011809224598267573
890,0.011741609229722012
891,0.011575490820332098
892,0.011284559310050839
893,0.011381846643447623
894,0.011818259330939943
895,0.01153398422776895
896,0.01178445945241315
897,0.012073609559654684
898,0.011407088748794996
899,0.01120096554001004
900,0.011327484377928205
901,0.011574789802780596
902,0.011160274367716353
903,0.011894276637931243
904,0.011223753784009713
905,0.011545890476554632
906,0.01153336258178924
907,0.01212147748792323
908,0.011425301401039301
909,0.011673313605015055
910,0.011608645608017252
911,0.011504238191202788
912,0.011680906066292171
913,1.6828922682118177
914,0.009674604694059088
915,0.01127913570568218
916,0.011480115519804974
917,0.01184478179567446
918,0.011560733315645385
919,0.01191561784342689
920,0.01180779138753601
921,0.01162050443827727
922,0.01204787026617234
923,0.011101703597548402
924,0.011527611025593291
925,0.011342348901839074
926,0.011170963737008682
927,0.011498446114582278
928,0.011180376823423273
929,0.011631431535549335
930,0.011404280408711756
931,0.011711038278131667
932,0.01152289189177297
933,0.01194596550648369
934,0.01132077069842588
935,0.01172067553310071
936,0.011383057291761546
937,0.011369874700903893
938,0.011090964165721404
939,0.01169180688527176
940,0.011508322581333124
941,0.011012691842644648
942,0.011766224266898077
943,0.011488006639657385
944,0.010941116174809256
945,0.01154648884341626
946,0.011433672321707769
947,0.011121917930352738
948,0.011485397413183572
949,0.01156836228397817
950,0.011617329291273223
951,0.011480039731457324
952,0.011421457438145653
953,0.011363516222306733
954,0.011245982026902296
955,0.01123597823730591
956,2.908470115423108
957,0.010949008687699244
958,0.011287739058419809
959,0.011641244668418826
960,0.011476551154944099
961,0.010937556127180992
962,0.011460803425476208
963,0.011332037282507803
964,0.011864494319247493
965,0.011367519019108456
966,0.011614400392271957
967,0.011337823932990432
968,0.011641745660769738
969,0.011375696875817947
970,0.011272086442242993
971,0.011075686777831387
972,0.0283317684227506
973,0.011328343428292517
974,0.011704213447647832
975,0.011465657036751509
976,0.011500483706309381
977,0.011412066652171187
978,0.010900127989539907
979,0.012309178950707033
980,0.011440161662965508
981,0.011604287117025104
982,0.010969580348454794
983,0.011428719962615583
984,0.010980075588291985
985,0.011193289745093907
986,0.011371421525096995
987,0.010878953198760243
988,0.011414475877122101
989,0.010830013870687808
990,0.011456332899535359
991,0.011053680442273617
992,0.010872019644258386
993,0.01123703244710499
994,0.01145222942913109
995,0.01085086322736816
996,0.01125937833261313
997,0.011481199141244515
998,0.011222486293448483
999,0.011054167196438727
1000,0.011095402553140864
1001,0.010938375955447555
1002,0.01145811704524114
1003,0.011277603510356808
1004,0.011252241402517184
1005,0.011499792467644912
1006,0.01128618307095968
1007,0.011507166695575846
1008,0.011534643619936906
1009,0.011115687429683946
1010,0.010975473477520932
1011,0.011076680648977221
1012,0.010934319023548042
1013,0.01126340674867822
1014,0.011363794376000257
1015,0.011178203862381436
1016,0.011545259840944308
1017,0.011526988894220883
1018,0.010873900951375649
1019,0.01143353276538773
1020,0.011417055257864423
1021,0.011068225810619987
1022,0.011018502987700246
1023,0.010601190262142632
1024,0.011199575087244985
1025,0.011221768516036918
1026,0.010939317262115873
1027,0.01061295895931958
1028,0.011044053613381871
1029,0.01137342545503782
1030,0.011077194206290325
1031,0.026292489190443843
1032,0.00986849635807892
1033,0.011230187845747855
1034,0.01123950175025453
1035,0.010963766389700064
1036,0.01097542109062611
1037,0.010909300826300504
1038,0.01079910660509841
1039,0.011019772490865345
1040,0.01098511160461832
1041,0.011170138028781798
1042,0.011022180973915226
1043,0.011082430089965968
1044,0.011223812552042684
1045,0.011187572040105774
1046,0.01102020613596601
1047,0.011243288519681763
1048,0.010938756495430055
1049,0.01105159633571945
1050,0.011125567570423423
1051,0.010925906544582824
1052,0.010991528432942549
1053,0.010655521715091447
1054,0.011060266088599623
1055,0.01083006405555722
1056,0.011149517702475444
1057,0.010920596628655063
1058,0.01112817699421134
1059,0.010775335283034433
1060,0.010977767032997335
1061,0.010629658129508212
1062,0.011662853936964677
1063,0.011222115508675322
1064,0.010886997213366173
1065,0.010907254012112143
1066,0.010920399164591553
1067,0.011268204614772634
1068,0.011257201677851252
1069,0.011171392796529551
1070,0.010693860366561656
1071,0.01079482454175161
1072,0.010617667745988248
1073,0.010988203508747836
1074,0.010844896476463242
1075,0.011110058784390153
1076,0.01105823186699743
1077,0.010865079132461194
1078,0.011277705233670393
1079,0.01103390516886898
1080,0.010895105828610013
1081,0.010903165210038424
1082,0.010794338150644454
1083,0.010685345169819765
1084,0.010809193819098301
1085,0.010758773029103117
1086,0.01069097338496881
1087,0.011023439664267382
1088,0.010740067466493633
1089,0.011027100610436272
1090,0.010838375387366041
1091,0.011019767581690418
1092,0.011212053819228027
1093,0.010604306199130113
1094,0.011197612739278603
1095,0.011008030715224854
1096,0.010867296560209686
1097,0.01083394686565182
1098,0.010573193884723015
1099,0.010887674939960746
1100,0.010816472606196746
1101,0.010907089538966953
1102,0.011156868840709834
1103,0.010796832603449791
1104,0.010950477908254933
1105,0.010876387085418328
1106,0.010580701489096223
1107,0.010991579699093255
1108,0.011023232748858252
1109,0.011253998780591508
1110,0.010441957049513772
1111,0.011134765529215841
1112,0.01072033143886444
1113,0.01060372440665329
1114,0.010481803338595871
1115,0.010722715226080964
1116,0.011390914868216142
1117,0.010764372744202867
1118,0.010549290456919599
1119,0.01108013880360177
1120,0.011210945715054365
1121,0.010910797658992015
1122,0.010904644836939998
1123,0.011141708033885492
1124,0.010762546748175459
1125,0.010478432921661158
1126,0.01079597803606194
1127,0.010617408826473659
1128,0.010945042157229983
1129,0.01074780419989789
1130,0.011068105752879785
1131,0.010602904590225573
1132,0.01036253051784963
1133,0.010817366320702989
1134,0.010656820850888803
1135,0.011040957790594233
1136,0.010508602260122612
1137,0.010666901829762983
1138,0.010656604444671232
1139,0.011409555411881815
1140,0.010602910801673592
1141,0.01073117985911036
1142,0.010681017219104756
1143,0.01072939823902512
1144,0.010888573121658321
1145,0.010455060296423607
1146,0.010822743864067026
1147,0.010895839276707779
1148,0.010600301081914518
1149,0.010238933834736631
1150,0.010577509116570828
1151,0.010675494930059728
1152,0.01035469063257767
1153,0.010633229060982496
1154,0.01057296257734425
1155,0.13786192642430128
1156,0.009764409426726023
1157,0.010709849715043428
1158,0.010787624352753667
1159,0.01038986123245904
1160,0.01080874758535775
1161,0.010742912072909333
1162,0.01060022049488784
1163,0.010635171851174812
1164,0.010513928229525939
1165,0.010805947840276916
1166,0.010506115766968263
1167,0.010691110660337795
1168,0.010450128276469343
1169,0.010731910840781816
1170,0.010441491522400056
1171,0.010244725635117394
1172,0.010932530323832722
1173,0.010326286769961402
1174,0.010293914912805215
1175,0.010602037548640017
1176,0.01062347530387342
1177,0.010797488487372964
1178,0.010815431841380767
1179,0.010136031928488005
1180,0.010445241816341877
1181,0.01058547672326282
1182,0.010695078500972713
1183,0.010912574890811565
1184,0.010175963516457606
1185,0.010188171276980537
1186,0.010356120224568551
1187,0.01047132664233825
1188,0.010611635368412076
1189,0.0105040407842183
1190,0.010437835146025833
1191,0.010371865388953079
1192,0.010513337877563249
1193,0.01042106528608602
1194,0.010595246885066568
1195,0.011043064560646475
1196,0.010561215774140369
1197,0.010580413422342075
1198,0.0106648011961794
1199,0.010728041392798393
1200,0.010713980193802361
1201,0.010907807375572749
1202,0.010609741263501978
1203,0.01085866617149342
1204,0.010471694865974329
1205,0.010711271899862814
1206,0.010201140894886043
1207,0.010942979364545417
1208,0.010424719251281881
1209,0.010436660483858343
1210,0.0100714213933038
1211,0.010267727341408194
1212,0.01087027540730344
1213,0.010608465896161684
1214,0.010703692508672001
1215,0.01055993051347086
1216,0.010360231784851117
1217,0.01038282036276187
1218,0.01063021179683254
1219,0.010437659374675003
1220,0.010196146310575433
1221,0.010182310898109512
1222,0.010563694710164504
1223,0.01065994999608246
1224,0.010640628762164359
1225,0.010202938304045948
1226,0.010216177835807963
1227,0.010414033765131133
1228,0.010208198954588023
1229,0.010037220971090562
1230,0.010423730818112776
1231,0.010091096423250638
1232,0.01022856471412894
1233,0.010569114419552734
1234,0.010122345618398513
1235,0.010594105052019832
1236,0.010446339853549912
1237,0.010627466956374504
1238,0.010098395506077903
1239,0.010460750748387586
1240,0.010389350891365843
1241,0.010230798286117487
1242,0.010184671788997316
1243,0.01049187603027765
1244,0.010180668621245077
1245,0.01061464590415106
1246,0.010400690229104484
1247,0.010339057080889657
1248,0.010234942683413371
1249,0.010091967999114323
1250,0.010302271836011087
1251,0.010427653813197955
1252,0.010232439552733705
1253,0.010464852206187985
1254,0.010139845497116952
1255,0.010112339417623767
1256,0.010737457379730324
1257,0.010592381750091405
1258,0.009939860185545128
1259,0.010214335308804855
1260,0.01050221560901757
1261,0.010613092979005838
1262,0.010101899725653358
1263,0.010309215710040624
1264,0.01038261887349062
1265,0.01005213652042893
1266,0.009966295469015583
1267,0.010272716168093226
1268,0.010085168582687185
1269,0.010453532181553921
1270,0.010112758698257602
1271,0.010425089152087853
1272,0.010420198883798163
1273,0.01041785983952804
1274,0.010057752707310148
1275,0.010214138152551348
1276,0.01026458339765668
1277,0.01002074487238996
1278,0.010328060331738602
1279,0.010495787683748087
1280,0.009937412902649682
1281,0.010018049684053256
1282,0.010150727239768889
1283,0.00985584470001444
1284,0.010202589839444323
1285,0.010170123393852579
1286,0.010245076652963534
1287,0.010251549222522367
1288,0.01026469447365883
1289,0.010082174321415565
1290,0.01032690351860503
1291,0.010205086218035323
1292,0.010304066068413904
1293,0.009791716439965166
1294,0.010078357939087486
1295,0.010026607113906134
1296,0.01019704380167364
1297,0.010471375079004693
1298,0.010066721781741008
1299,0.01015141336010548
1300,0.010180801251840036
1301,0.010012154191164142
1302,0.010161263418336541
1303,0.010434139105570266
1304,0.010262943681929324
1305,0.010072262661720989
1306,0.010041130777700977
1307,0.010325320136054592
1308,0.010177923954423454
1309,0.00994703141277877
1310,0.010466098714367314
1311,0.010124352946088223
1312,0.01015909611626323
1313,0.010142752068054121
1314,0.01004601807444025
1315,0.010193758304783349
1316,0.010187392063849306
1317,0.010067421268135056
1318,0.010083307993550927
1319,0.009899985171475653
1320,0.00984630266883237
1321,0.010276937979604986
1322,0.010008741316180361
1323,0.010159131940612095
1324,0.009921744749960253
1325,0.009953363759095892
1326,0.009896884155380776
1327,0.010304375318810344
1328,0.010373224338548164
1329,0.009968377042056645
1330,0.00994412228070452
1331,0.009970395237807248
1332,0.01009138140795847
1333,0.009880273796270713
1334,0.010003100808362588
1335,0.01008417707931061
1336,0.010168618392357128
1337,0.010145288923660577
1338,0.01011195276879658
1339,0.01022593551157516
1340,0.010035410629964228
1341,0.009769116907175315
1342,0.010242325036739141
1343,0.009465922222677933
1344,0.009821821678966537
1345,0.00995043070860586
1346,0.010133016897933715
1347,0.009985064416808092
1348,0.010053723434901844
1349,0.0097945359559193
1350,0.009878688215641147
1351,0.010096043395667763
1352,0.01017739554330454
1353,0.010270883637022669
1354,0.009939586467472679
1355,0.009673451700926585
1356,0.009972163456318489
1357,0.009734568371579556
1358,0.009969671422584077
1359,0.010157305506547377
1360,0.009941948660633575
1361,0.00990257007701291
1362,0.00981073780774565
1363,0.010143082588911057
1364,0.009565829828192117
1365,0.010224894403432638
1366,0.010126922382199663
1367,0.009797051276664361
1368,0.009722636984976924
1369,0.009562602535016456
1370,0.009956307484278991
1371,0.009966487325412237
1372,0.009899727933077236
1373,0.01001265851023086
1374,0.010054363060142782
1375,0.009985911178449958
1376,0.010191702674600785
1377,0.009742540311289289
1378,0.009930106400812076
1379,0.009941814652786164
1380,0.009803619381766451
1381,0.00998083358014918
1382,0.009786236111737661
1383,0.00951024818518278
1384,0.009570391355398096
1385,0.010055631703018384
1386,0.010003187926486135
1387,0.009877052450142169
1388,0.009827928033546877
1389,0.009910981312899267
1390,0.009821388637647033
1391,0.010085468930271218
1392,0.009691833960429087
1393,0.009962927514560899
1394,0.009909665792138648
1395,0.009684942177323214
1396,0.009955484143821365
1397,0.009719509505114313
1398,0.009993252600937828
1399,0.009620103120835404
1400,0.009623640943002902
1401,0.009821912261925764
1402,0.009822262549709719
1403,0.009576693488979491
1404,0.009891149319582066
1405,0.010103389857557871
1406,0.00977364956338148
1407,0.009957961469762406
1408,0.009959174150411608
1409,0.009756086461277584
1410,0.009877797985701995
1411,0.011317677720907634
1412,0.009957222106187777
1413,0.009485356182144102
1414,0.009898128808807518
1415,0.00976026083847855
1416,0.010057381535801341
1417,0.009732446029498163
1418,0.009938093150918514
1419,0.00949459127150476
1420,0.009682984916114454
1421,0.009635767895507357
1422,0.009643071256104415
1423,0.009677624645627152
1424,0.009523494429570638
1425,0.00985351998864089
1426,0.009947710650799385
1427,0.009519361673806936
1428,0.009647581146209169
1429,0.00981064885854721
1430,0.009762174698476822
1431,0.009583537541803414
1432,0.009821187941578486
1433,0.010048764607853304
1434,0.010022280481249347
1435,0.009299786082642564
1436,0.009676449825608377
1437,0.00964272102356841
1438,0.009491589200540872
1439,0.009463504000203841
1440,0.009824502842216674
1441,0.009625958207742138
1442,0.009902040852959884
1443,0.009889120050563903
1444,0.009715316256792363
1445,0.009379961563400546
1446,0.009467664344425676
1447,0.009430353462664505
1448,0.00962375882634167
1449,0.009849960126487886
1450,0.009365340296210627
1451,0.009687336378778189
1452,0.010276564219335125
1453,0.00967525850618416
1454,0.009553062808463129
1455,0.009902431574350192
1456,0.00974902621138904
1457,0.009502036220757133
1458,0.00951152388401077
1459,0.00958990333680758
1460,0.009941919493662604
1461,0.009783743857011452
1462,0.00966533932882219
1463,0.009450320351742586
1464,0.009861467110182522
1465,0.009254306033885076
1466,0.009646482457864588
1467,0.009481511927225579
1468,0.00944337890862282
1469,0.009662119880855337
1470,0.00960723893180237
1471,0.009843326343412874
1472,0.009631803227683245
1473,0.009901765655031649
1474,0.009600266368301996
1475,0.009487759479779308
1476,0.009636430054019063
1477,0.009231328526196085
1478,0.009505793574597623
1479,0.009248822355264072
1480,0.009602690857472056
1481,0.009541999659169529
1482,0.009425539136627468
1483,0.009142783462559268
1484,0.009804793613789192
1485,0.009682052516204825
1486,0.009389035198521816
1487,0.009600216656986434
1488,0.009680749003980624
1489,0.009216074591060565
1490,0.009553675184626196
1491,0.009380145282563517
1492,0.009225787125306866
1493,0.009264356042337368
1494,0.009504724743823379
1495,0.009369074599817395
1496,0.009238694155178332
1497,0.009594647959663959
1498,0.009013534523546696
1499,0.009659967799592068
1500,0.009259681793529604
1501,0.00916305322089564
1502,0.009549550451653994
1503,0.009301257193467374
1504,0.009636486434551367
1505,0.00945250479251904
1506,0.009542451050700777
1507,0.009351615344126851
1508,0.009681818521407953
1509,0.009419976532364548
1510,0.009161338139072819
1511,0.009463000146798411
1512,0.009666551464884463
1513,0.009171021593166358
1514,0.009216316095632265
1515,0.009516135682904367
1516,0.00934597053091531
1517,0.009155423135765024
1518,0.009439966029692756
1519,0.009083449572198471
1520,0.009315038056475884
1521,0.009421974988812106
1522,0.009265928876475763
1523,0.00901299820013218
1524,0.00915061495803549
1525,0.009380347734727597
1526,0.009805869701776212
1527,0.009446403729902991
1528,0.009499976727164398
1529,0.0092643428104535
1530,0.00965842962170304
1531,0.009087021640202
1532,0.009221951149688181
1533,0.00937875070198739
1534,0.009272966873279567
1535,0.009340934999981674
1536,0.009033607867530595
1537,0.009278305482624446
1538,0.009419878198907284
1539,0.00971472896714458
1540,0.009321470851457472
1541,0.009166148380707886
1542,0.0093144999848584
1543,0.009414354611535445
1544,0.009053817827854369
1545,0.009482936424566275
1546,0.009301242505405413
1547,0.009304803886877025
1548,0.0095848015596364
1549,0.009252668291298767
1550,0.009285199159945724
1551,0.009421130216096417
1552,0.009140944601652228
1553,0.008950103484725549
1554,0.00904104154225502
1555,0.009156766150273004
1556,0.009177017061166087
1557,0.009096210143702516
1558,0.009325093305590799
1559,0.009097432836069393
1560,0.009418967890284829
1561,0.008922580286260631
1562,0.009115508130072789
1563,0.009235498025792382
1564,0.009103563140635774
1565,0.009118947283349048
1566,0.009229267383057434
1567,0.009732681109522611
1568,0.009436416092439222
1569,0.009455635839820667
1570,0.008852473199683226
1571,0.009243366699192231
1572,0.009290131471924862
1573,0.008809213562063494
1574,0.009071625070646405
1575,0.009118093753833387
1576,0.009127863086917895
1577,0.009369015752858782
1578,0.008947085084046348
1579,0.009097424481790198
1580,0.009289839111615792
1581,0.008966323335544538
1582,0.009251907152139534
1583,0.008847643250315371
1584,0.008936027850229608
1585,0.00934549983811833
1586,0.00896297731057946
1587,0.009156980571510681
1588,0.008925418519430746
1589,0.009219048485570288
1590,0.009307369443793165
1591,0.009108860400836851
1592,0.00923025314064728
1593,0.008920121705159545
1594,0.009140719359709044
1595,0.008941780641611856
1596,0.009472282161399469
1597,0.00909714462724909
1598,0.009107335296980405
1599,0.009293413535549732
1600,0.00899256732693668
1601,0.008746016975807942
1602,0.009005416926564806
1603,0.009501172320412124
1604,0.009005047846585512
1605,0.009329144033934858
1606,0.008983629396564122
1607,0.009040101821992105
1608,0.009226866019100456
1609,0.00880055898658426
1610,0.008973056466271312
1611,0.009003777238461425
1612,0.009073563444949055
1613,0.008995077714829122
1614,0.008534296396014801
1615,0.008853977344835461
1616,0.008900546946294479
1617,0.009037477362869402
1618,0.009147104219202016
1619,0.009029811346840303
1620,0.008856635497314698
1621,0.009000400077330611
1622,0.008880747028358154
1623,0.008573264712309939
1624,0.009113190151056496
1625,0.008785603023370949
1626,0.009092759992138056
1627,0.00882338480708205
1628,0.009105690447140043
1629,0.008856337995000057
1630,0.008886885351769753
1631,0.008969976393095517
1632,0.008677582130214925
1633,0.008741883336077049
1634,0.009063593151395098
1635,0.008870819031055702
1636,0.009135850630227035
1637,0.008835077581737759
1638,0.0089969160824509
1639,0.008704990377428673
1640,0.009058199305939724
1641,0.008957921314226874
1642,0.008958649632157915
1643,0.009197041242367636
1644,0.009215835635787097
1645,0.008597435228431882
1646,0.009101516164649846
1647,0.008665162036037547
1648,0.008877873274702894
1649,0.008635409109262844
1650,0.009009390903668384
1651,0.008786066249802204
1652,0.008932404610786145
1653,0.008795188349213893
1654,0.00889038712859659
1655,0.008654590190972313
1656,0.008873004071667032
1657,0.008674004995185187
1658,0.008581766992870528
1659,0.008805160087107097
1660,0.008702702690073746
1661,0.008873949458791037
1662,0.008898735610705059
1663,0.009015455743361074
1664,0.008966196174496564
1665,0.009304190153192919
1666,0.008983743163930663
1667,0.00904316152445972
1668,0.008842456703058492
1669,0.009081445571224568
1670,0.008501364936326014
1671,0.008833856511292822
1672,0.008905235539837662
1673,0.008728932186771753
1674,0.008672676546404422
1675,0.009148079156086354
1676,0.008374283102072649
1677,0.008886464993800905
1678,0.008837571888530658
1679,0.00883657544835518
1680,0.008711421913546274
1681,0.008628085085932734
1682,0.008779847426182133
1683,0.00902057899619942
1684,0.008741631752700877
1685,0.008450532501752851
1686,0.008539132024082591
1687,0.008780102241563342
1688,0.008950990632618382
1689,0.008918413442512185
1690,0.008753899524335638
1691,0.008402056853934112
1692,0.008567193373090635
1693,0.008581295593689054
1694,0.008561745589851575
1695,0.00866877185022932
1696,0.008717600366700504
1697,0.009088132854045953
1698,0.00868862809739628
1699,0.008540273951840097
1700,0.008572991120518517
1701,0.008896268963403368
1702,0.008415144655095824
1703,0.008367029989485518
1704,0.008758078135897294
1705,0.008624687996077336
1706,0.008912061341106892
1707,0.008634056698657194
1708,0.008579065896949525
1709,0.00858022704704712
1710,0.008661062614518707
1711,0.008320757760113831
1712,0.00853983902025147
1713,0.008718240070867083
1714,0.008691214210495858
1715,0.008324972744557565
1716,0.008247292663712623
1717,0.008701797014386472
1718,0.008546282572798053
1719,0.008597887397380703
1720,0.008508280756236133
1721,0.00844913359999783
1722,0.008346303894926431
1723,0.008916078541838264
1724,0.008586781557207391
1725,0.008329482658340012
1726,0.008471791174704745
1727,0.008643111869124538
1728,0.008605579608830355
1729,0.008378162727517596
1730,0.008108414275476993
1731,0.008345779319593714
1732,0.008358311140909791
1733,0.008319142570529701
1734,0.008859156496759694
1735,0.008695184008486696
1736,0.008150297276265287
1737,0.008725609642185144
1738,0.008584699289620681
1739,0.008482953509852544
1740,0.008697195408739528
1741,0.008472294546663761
1742,0.008404933413395942
1743,0.008677321576939548
1744,0.00823020291419984
1745,0.00829473377394853
1746,0.00830611411750443
1747,0.008504537711614522
1748,0.008168958376114399
1749,0.008696506723319576
1750,0.008438447632400667
1751,0.008397232382005806
1752,0.008244622447449019
1753,0.008099891355861042
1754,0.008405847348651643
1755,0.008581649918519592
1756,0.008473356933159343
1757,0.008327213475101833
1758,0.00842955440945797
1759,0.008519683064798177
1760,0.008424540227910473
1761,0.008678127297247618
1762,0.008471400279678026
1763,0.008413207519925752
1764,0.008258793692467577
1765,0.008075014123756248
1766,0.008359798494631709
1767,0.00822761561326935
1768,0.008352478717501133
1769,0.008447634419268471
1770,0.008118589531030443
1771,0.008205370507913373
1772,0.00812973893026553
1773,0.008192597710827396
1774,0.008457506639819782
1775,0.007830696586929893
1776,0.008163463829432503
1777,0.008257560984436738
1778,0.008262975129567213
1779,0.008222543504246968
1780,0.008430678942003998
1781,0.008337319966689762
1782,0.008172197808053786
1783,0.008110624714359894
1784,0.008005392923161892
1785,0.008071232855446258
1786,0.008231066301528174
1787,0.008081555244181369
1788,0.008213795729423478
1789,0.008221998321429148
1790,0.008061529717297625
1791,0.008116367501917026
1792,0.008165794882481382
1793,0.008015626970426007
1794,0.008072293896259646
1795,0.008126076346389571
1796,0.00833187797659282
1797,0.008042838751985613
1798,0.00829085009567187
1799,0.007980115972143613
1800,0.008526560005937087
1801,0.007928895010312988
1802,0.008350749283050329
1803,0.008075275880647666
1804,0.00810284997036649
1805,0.007964244629335353
1806,0.00798163075647238
1807,0.008081266581538623
1808,0.007866643538887975
1809,0.007951288397218717
1810,0.008037820975375125
1811,0.00823290769594832
1812,0.008238521755783487
1813,0.00797537437213932
1814,0.008025899576812478
1815,0.008192752326159911
1816,0.00783790537093024
1817,0.007903998500620157
1818,0.007940648849737846
1819,0.008010944217380326
1820,0.00804550044822617
1821,0.008002124253218458
1822,0.007836480838073007
1823,0.007950820565476255
1824,0.007968521223135166
1825,0.007910950503990813
1826,0.007732842322754658
1827,0.007811016371568381
1828,0.00807291189982098
1829,0.007873059574009503
1830,0.008016140085755515
1831,0.007947993393734856
1832,0.008183205543654197
1833,0.00788734462191114
1834,0.007939411654784265
1835,0.007617930842216237
1836,0.007947512610294557
1837,0.007963556397737841
1838,0.007890898319971511
1839,0.00797448905926766
1840,0.007958330944085778
1841,0.008064967098693221
1842,0.007800439554187706
1843,0.007582857743126608
1844,0.007860664305892788
1845,0.00808910199961925
1846,0.007888709179173082
1847,0.007953063951868374
1848,0.00818625332045732
1849,0.007923110952537697
1850,0.007960513731370033
1851,0.00790661102223952
1852,0.007958689152057899
1853,0.0077858154141044215
1854,0.00793409067348151
1855,0.00782644332354983
1856,0.007995027141108856
1857,0.00756892263178982
1858,0.007533197243840007
1859,0.007743659965946513
1860,0.00769637002593885
1861,0.007605531623871144
1862,0.007578818754971785
1863,0.007924411718149558
1864,0.008263090092657228
1865,0.007899131349650985
1866,0.007823801311364367
1867,0.007808843584162957
1868,0.0076626525615673445
1869,0.007678536571941133
1870,0.007605857602557388
1871,0.008011440624151442
1872,0.007642008833808161
1873,0.007471392913800427
1874,0.007559336398301994
1875,0.007870585223565162
1876,0.007618968955130648
1877,0.007577759415005981
1878,0.007750900762187222
1879,0.007886697206709344
1880,0.007354544459889501
1881,0.007790587246575851
1882,0.007753751437984786
1883,0.007652046079984156
1884,0.007686663055950302
1885,0.007603248553666271
1886,0.007492258248976984
1887,0.007509921274889829
1888,0.007755126744919157
1889,0.007624479606589776
1890,0.007738692101911973
1891,0.0076110775511459275
1892,0.007422102204823898
1893,0.007551726833838275
1894,0.007713100103408856
1895,0.007729609690259321
1896,0.007611865923597904
1897,0.00743613216505086
1898,0.0075040336864037535
1899,0.007751551425179182
1900,0.007653530545027579
1901,0.007348718599147968
1902,0.007475161672396175
1903,0.0075694401827404055
1904,0.0074677710003077475
1905,0.007333449301136248
1906,0.007302793563675072
1907,0.007634046905816106
1908,0.007582815581048697
1909,0.007633578229569278
1910,0.007312919321012194
1911,0.007752353238667977
1912,0.007323896180901487
1913,0.007471223507802618
1914,0.007526995144563459
1915,0.00773301346511659
1916,0.0074975156517288945
1917,0.00738434742946746
1918,0.007340062421478204
1919,0.007349970616337101
1920,0.007426768817575806
1921,0.007344988581203556
1922,0.0074301009161113684
1923,0.0072413619165703404
1924,0.0073219745546200515
1925,0.007499175978887637
1926,0.00698722702040637
1927,0.007324440341632245
1928,0.007146404791718065
1929,0.007166308512658638
1930,0.0073620362396715055
1931,0.007210140152029314
1932,0.007196304198922747
1933,0.007105150386312251
1934,0.007225544195843197
1935,0.007076564244925976
1936,0.007007813089037851
1937,0.0072910622338432885
1938,0.007184979947820558
1939,0.007144633305685247
1940,0.00702972450467237
1941,0.007198223441649797
1942,0.006911679340715883
1943,0.0069743740072442315
1944,0.006998698235000089
1945,0.006942882411718621
1946,0.007100444677743619
1947,0.00696787234964007
1948,0.007092599847780193
1949,0.006953301721142005
1950,0.007043283610304786
1951,0.0069208978754231485
1952,0.006889743935632504
1953,0.007089476341823653
1954,0.006921864507356816
1955,0.00716914033706663
1956,0.0068340844640476725
1957,0.006998454824374136
1958,0.007033740513626549
1959,0.006776804589840062
1960,0.007034756034075961
1961,0.0067488868065746655
1962,0.0067422228265490575
1963,0.006941738443733272
1964,0.006890150986738124
1965,0.006969030244054936
1966,0.006748771871108625
1967,0.006694723788838265
1968,0.006813076664141174
1969,0.006777314899363003
1970,0.006743652641504876
1971,0.006669817421332759
1972,0.006553933044137843
1973,0.006606742017507806
1974,0.006534498883411288
1975,0.006848961379284323
1976,0.00654681702144444
1977,0.006743301479619438
1978,0.006700276590536459
1979,0.006527579247446383
1980,0.006706497416894694
1981,0.006547740427777171
1982,0.006749692603835236
1983,0.006539629874908823
1984,0.006345724919810891
1985,0.006726796888762107
1986,0.006487642142574413
1987,0.0063190713516925855
1988,0.006332819500022521
1989,0.006389138359829026
1990,0.006521520311391707
1991,0.006472151762000837
1992,0.006468549252377223
1993,0.0064280348064346335
1994,0.006220475727123982
1995,0.006390654809488836
1996,0.006311123543497869
1997,0.006155055039956913
1998,0.006204125128086593
1999,0.006150020539002903
2000,0.006065636470724466
